Module	Transcript_Id	Locus_Tag	Expression_Fold_Change	Expression_Pvalue	FoldChange_Module	FisherTest_Module
3	ENSG00000001626	1080	1.66161571663364	NA	1.06553911205074	0.6273050708650085
3	ENSG00000006071	6833	1.08014007788854	0.330762357372798	1.06553911205074	0.6273050708650085
3	ENSG00000006210	6376	1.07093822431328	0.24232266026375	1.06553911205074	0.6273050708650085
3	ENSG00000006611	10083	1.77154815860725	NA	1.06553911205074	0.6273050708650085
3	ENSG00000007062	8842	1.26612684483867	0.0519863909144148	1.06553911205074	0.6273050708650085
3	ENSG00000007306	1087	1.25145364741607	NA	1.06553911205074	0.6273050708650085
3	ENSG00000010932	2326	1.16908125935457	NA	1.06553911205074	0.6273050708650085
3	ENSG00000015413	1800	1.64121027853471	NA	1.06553911205074	0.6273050708650085
3	ENSG00000016082	3670	1.11465418221181	NA	1.06553911205074	0.6273050708650085
3	ENSG00000016490	1179	1.09780641982256	NA	1.06553911205074	0.6273050708650085
3	ENSG00000019505	57586	1.1226200750545	NA	1.06553911205074	0.6273050708650085
3	ENSG00000021852	732	2.7720648503853	NA	1.06553911205074	0.6273050708650085
3	ENSG00000022355	2554	1.20536523514177	NA	1.06553911205074	0.6273050708650085
3	ENSG00000027644	3645	1.60687868583511	NA	1.06553911205074	0.6273050708650085
3	ENSG00000039537	729	1.60333283667603	NA	1.06553911205074	0.6273050708650085
3	ENSG00000040731	1008	2.56215272742193	NA	1.06553911205074	0.6273050708650085
3	ENSG00000042781	7399	1.71980495690669	0.193028241213172	1.06553911205074	0.6273050708650085
3	ENSG00000056291	10886	1.21483485682015	NA	1.06553911205074	0.6273050708650085
3	ENSG00000057149	6317	-1.19670590096107	NA	1.06553911205074	0.6273050708650085
3	ENSG00000057593	2155	1.04351371961549	NA	1.06553911205074	0.6273050708650085
3	ENSG00000058404	816	1.72635030742792	NA	1.06553911205074	0.6273050708650085
3	ENSG00000064692	9627	2.19917974942304	NA	1.06553911205074	0.6273050708650085
3	ENSG00000065609	9892	1.76839253340092	NA	1.06553911205074	0.6273050708650085
3	ENSG00000066032	1496	1.69257189489717	NA	1.06553911205074	0.6273050708650085
3	ENSG00000066405	51208	1.19479509339616	NA	1.06553911205074	0.6273050708650085
3	ENSG00000069018	57113	1.28464357749666	NA	1.06553911205074	0.6273050708650085
3	ENSG00000069535	4129	1.7969788614607	0.0513285328262302	1.06553911205074	0.6273050708650085
3	ENSG00000070031	6343	1.10878519953045	NA	1.06553911205074	0.6273050708650085
3	ENSG00000076864	5909	1.60415747522438	0.376868775921149	1.06553911205074	0.6273050708650085
3	ENSG00000077080	51412	1.32702519585162	NA	1.06553911205074	0.6273050708650085
3	ENSG00000078725	1620	1.73368467729597	NA	1.06553911205074	0.6273050708650085
3	ENSG00000079101	27098	1.19455955711539	NA	1.06553911205074	0.6273050708650085
3	ENSG00000079102	862	1.78149297571935	0.0664852567527328	1.06553911205074	0.6273050708650085
3	ENSG00000079112	1015	1.10251603390534	NA	1.06553911205074	0.6273050708650085
3	ENSG00000079689	10590	1.91763753856494	NA	1.06553911205074	0.6273050708650085
3	ENSG00000080293	6344	1.49076190875373	NA	1.06553911205074	0.6273050708650085
3	ENSG00000081479	4036	1.21358301911835	0.332072722261895	1.06553911205074	0.6273050708650085
3	ENSG00000081818	56131	1.99383091941566	NA	1.06553911205074	0.6273050708650085
3	ENSG00000082556	4986	1.45481919421166	NA	1.06553911205074	0.6273050708650085
3	ENSG00000084674	338	1.25582210244561	0.442631920139838	1.06553911205074	0.6273050708650085
3	ENSG00000089356	5349	1.80980543064971	NA	1.06553911205074	0.6273050708650085
3	ENSG00000089472	9843	1.2701193037181	0.393216427644922	1.06553911205074	0.6273050708650085
3	ENSG00000090534	7066	1.80210236479412	NA	1.06553911205074	0.6273050708650085
3	ENSG00000091583	350	1.20764165891554	NA	1.06553911205074	0.6273050708650085
3	ENSG00000091704	1357	1.49725686563124	NA	1.06553911205074	0.6273050708650085
3	ENSG00000095932	284422	1.53236369651917	0.147059132141252	1.06553911205074	0.6273050708650085
3	ENSG00000099834	53841	-3.14722729607774	0.0652366412435301	1.06553911205074	0.6273050708650085
3	ENSG00000100249	25770	2.12494213939254	NA	1.06553911205074	0.6273050708650085
3	ENSG00000100665	5267	1.94737151467629	NA	1.06553911205074	0.6273050708650085
3	ENSG00000101049	10110	1.77560456088627	NA	1.06553911205074	0.6273050708650085
3	ENSG00000101282	343637	1.34777062436115	NA	1.06553911205074	0.6273050708650085
3	ENSG00000101349	57144	1.8044459926	NA	1.06553911205074	0.6273050708650085
3	ENSG00000101825	25878	1.93965578236234	NA	1.06553911205074	0.6273050708650085
3	ENSG00000101951	9506	1.79680890723432	NA	1.06553911205074	0.6273050708650085
3	ENSG00000102466	2259	2.73188165956098	NA	1.06553911205074	0.6273050708650085
3	ENSG00000102837	10562	1.02868684933062	NA	1.06553911205074	0.6273050708650085
3	ENSG00000102996	4324	1.16675046222865	0.189998059747356	1.06553911205074	0.6273050708650085
3	ENSG00000104044	4948	-1.87097780459915	NA	1.06553911205074	0.6273050708650085
3	ENSG00000105357	79784	1.29751950946501	0.297630308450854	1.06553911205074	0.6273050708650085
3	ENSG00000105388	1048	1.37425629670476	0.107966262828186	1.06553911205074	0.6273050708650085
3	ENSG00000105398	6822	1.06272549123396	0.340839784809177	1.06553911205074	0.6273050708650085
3	ENSG00000105707	3249	1.48897961239998	NA	1.06553911205074	0.6273050708650085
3	ENSG00000105767	199731	-1.82171482861549	NA	1.06553911205074	0.6273050708650085
3	ENSG00000106278	5803	2.30498723893995	NA	1.06553911205074	0.6273050708650085
3	ENSG00000106927	259	1.17160041386151	NA	1.06553911205074	0.6273050708650085
3	ENSG00000107295	6456	1.65133390498393	NA	1.06553911205074	0.6273050708650085
3	ENSG00000108821	1277	1.09699041695471	0.394662194770144	1.06553911205074	0.6273050708650085
3	ENSG00000109072	7448	1.19739641089916	NA	1.06553911205074	0.6273050708650085
3	ENSG00000109472	1363	1.50341633192607	0.27153903133413	1.06553911205074	0.6273050708650085
3	ENSG00000109511	11199	1.14247258383088	NA	1.06553911205074	0.6273050708650085
3	ENSG00000109610	6649	1.5612269443328	NA	1.06553911205074	0.6273050708650085
3	ENSG00000109832	29118	1.08853060707024	0.142917522386117	1.06553911205074	0.6273050708650085
3	ENSG00000111262	3736	1.35344034912089	NA	1.06553911205074	0.6273050708650085
3	ENSG00000111783	5992	2.63361075259815	NA	1.06553911205074	0.6273050708650085
3	ENSG00000112246	6492	1.82460845917071	NA	1.06553911205074	0.6273050708650085
3	ENSG00000112337	10246	1.68939411385956	NA	1.06553911205074	0.6273050708650085
3	ENSG00000112379	57221	1.32077655591953	0.20496855892087	1.06553911205074	0.6273050708650085
3	ENSG00000112494	54346	1.97972825781575	NA	1.06553911205074	0.6273050708650085
3	ENSG00000112818	4224	1.63358286363881	NA	1.06553911205074	0.6273050708650085
3	ENSG00000112936	730	1.38602778375171	0.340300626209312	1.06553911205074	0.6273050708650085
3	ENSG00000113361	1004	1.01836339040334	0.377860775964767	1.06553911205074	0.6273050708650085
3	ENSG00000113763	90249	1.14656396440855	0.167110701230042	1.06553911205074	0.6273050708650085
3	ENSG00000115386	5967	1.19737359709888	NA	1.06553911205074	0.6273050708650085
3	ENSG00000115850	3938	1.6085010821895	NA	1.06553911205074	0.6273050708650085
3	ENSG00000117069	81849	2.19684211900704	NA	1.06553911205074	0.6273050708650085
3	ENSG00000117154	84966	2.59922694301813	NA	1.06553911205074	0.6273050708650085
3	ENSG00000119125	9615	1.00648870978158	0.262629482284047	1.06553911205074	0.6273050708650085
3	ENSG00000120324	56126	1.967354030315	NA	1.06553911205074	0.6273050708650085
3	ENSG00000120669	54937	2.18831530567825	NA	1.06553911205074	0.6273050708650085
3	ENSG00000120885	1191	1.36226496411152	0.0541553616441171	1.06553911205074	0.6273050708650085
3	ENSG00000121207	9227	2.03481198721399	0.0514134699517941	1.06553911205074	0.6273050708650085
3	ENSG00000121905	3208	1.71179955003564	NA	1.06553911205074	0.6273050708650085
3	ENSG00000123307	58158	1.88677940305493	NA	1.06553911205074	0.6273050708650085
3	ENSG00000123572	203447	1.60598183392504	NA	1.06553911205074	0.6273050708650085
3	ENSG00000124205	1908	1.05553787191775	0.544870220160758	1.06553911205074	0.6273050708650085
3	ENSG00000124249	60598	1.08776426988683	NA	1.06553911205074	0.6273050708650085
3	ENSG00000124839	64284	2.18479791462781	NA	1.06553911205074	0.6273050708650085
3	ENSG00000124875	6372	1.18056428876757	NA	1.06553911205074	0.6273050708650085
3	ENSG00000125820	4821	1.87937938525532	NA	1.06553911205074	0.6273050708650085
3	ENSG00000125851	5126	1.85136094553067	NA	1.06553911205074	0.6273050708650085
3	ENSG00000125872	164312	1.7829114173645	NA	1.06553911205074	0.6273050708650085
3	ENSG00000126218	2159	2.55215926555834	NA	1.06553911205074	0.6273050708650085
3	ENSG00000126950	59353	1.99848450218603	NA	1.06553911205074	0.6273050708650085
3	ENSG00000127831	7429	1.15710978138934	0.0561501144356183	1.06553911205074	0.6273050708650085
3	ENSG00000128242	9514	-1.00638081354495	NA	1.06553911205074	0.6273050708650085
3	ENSG00000128573	93986	1.66193299493486	NA	1.06553911205074	0.6273050708650085
3	ENSG00000129009	3671	1.6021966890282	NA	1.06553911205074	0.6273050708650085
3	ENSG00000129514	3169	2.06012788266567	NA	1.06553911205074	0.6273050708650085
3	ENSG00000129946	25759	1.53043763875967	0.0790637876177475	1.06553911205074	0.6273050708650085
3	ENSG00000129990	6861	1.15519251997906	0.0567815362007562	1.06553911205074	0.6273050708650085
3	ENSG00000130208	341	1.3863359849332	NA	1.06553911205074	0.6273050708650085
3	ENSG00000130528	3270	1.30711365396394	NA	1.06553911205074	0.6273050708650085
3	ENSG00000130701	140893	1.35837948798465	NA	1.06553911205074	0.6273050708650085
3	ENSG00000130762	27237	1.80268779330977	NA	1.06553911205074	0.6273050708650085
3	ENSG00000130768	27293	1.0323871428467	0.0981268698799704	1.06553911205074	0.6273050708650085
3	ENSG00000131730	1160	-2.01335540600327	NA	1.06553911205074	0.6273050708650085
3	ENSG00000132259	1262	1.76166077182022	NA	1.06553911205074	0.6273050708650085
3	ENSG00000132437	1644	1.02913411754527	NA	1.06553911205074	0.6273050708650085
3	ENSG00000132698	57111	-1.09110272264896	0.350319984354221	1.06553911205074	0.6273050708650085
3	ENSG00000132938	23281	1.06769586400361	0.275610882517208	1.06553911205074	0.6273050708650085
3	ENSG00000133020	4626	1.47376014212673	NA	1.06553911205074	0.6273050708650085
3	ENSG00000133433	653689	-2.54661834662726	NA	1.06553911205074	0.6273050708650085
3	ENSG00000133710	11005	1.0526992275333	NA	1.06553911205074	0.6273050708650085
3	ENSG00000133863	56154	2.12660890254071	NA	1.06553911205074	0.6273050708650085
3	ENSG00000133878	78986	1.58270703239046	NA	1.06553911205074	0.6273050708650085
3	ENSG00000134193	83998	1.80680095423575	0.0595617133381642	1.06553911205074	0.6273050708650085
3	ENSG00000134240	3158	2.02270897914251	NA	1.06553911205074	0.6273050708650085
3	ENSG00000134258	79679	1.71333914596317	NA	1.06553911205074	0.6273050708650085
3	ENSG00000134398	10595	1.25943412462669	0.104845743031622	1.06553911205074	0.6273050708650085
3	ENSG00000134569	4038	1.65984887867808	NA	1.06553911205074	0.6273050708650085
3	ENSG00000134812	2694	1.2240791493277	NA	1.06553911205074	0.6273050708650085
3	ENSG00000135333	2045	1.08253907274266	NA	1.06553911205074	0.6273050708650085
3	ENSG00000135409	269	2.41613241292058	NA	1.06553911205074	0.6273050708650085
3	ENSG00000135447	5502	1.6641099573036	NA	1.06553911205074	0.6273050708650085
3	ENSG00000135917	80704	1.06581372423067	0.077373469313485	1.06553911205074	0.6273050708650085
3	ENSG00000136531	6326	1.13847339141663	0.212098758775666	1.06553911205074	0.6273050708650085
3	ENSG00000136698	55997	1.77923890279557	NA	1.06553911205074	0.6273050708650085
3	ENSG00000136750	2572	2.54313874509132	NA	1.06553911205074	0.6273050708650085
3	ENSG00000136842	7111	1.23962630209165	0.174771188764177	1.06553911205074	0.6273050708650085
3	ENSG00000136872	229	1.47879470968852	NA	1.06553911205074	0.6273050708650085
3	ENSG00000137960	54810	-1.14255458806383	NA	1.06553911205074	0.6273050708650085
3	ENSG00000137968	204962	-1.85697917901664	NA	1.06553911205074	0.6273050708650085
3	ENSG00000138622	10021	1.58431443210912	NA	1.06553911205074	0.6273050708650085
3	ENSG00000138823	4547	1.48357910567999	NA	1.06553911205074	0.6273050708650085
3	ENSG00000139209	55089	1.0797008521117	NA	1.06553911205074	0.6273050708650085
3	ENSG00000139292	8549	1.77787906017605	NA	1.06553911205074	0.6273050708650085
3	ENSG00000139329	4060	1.56512176250876	NA	1.06553911205074	0.6273050708650085
3	ENSG00000139767	84530	1.16388177273552	NA	1.06553911205074	0.6273050708650085
3	ENSG00000139874	6751	1.49283337805169	NA	1.06553911205074	0.6273050708650085
3	ENSG00000140274	405753	1.35280721659906	NA	1.06553911205074	0.6273050708650085
3	ENSG00000141639	5596	1.8717601021974	NA	1.06553911205074	0.6273050708650085
3	ENSG00000142789	10136	1.14697893902425	NA	1.06553911205074	0.6273050708650085
3	ENSG00000143036	126969	-1.82210311560946	NA	1.06553911205074	0.6273050708650085
3	ENSG00000144115	55258	-1.5407896567183	0.0819562375759054	1.06553911205074	0.6273050708650085
3	ENSG00000144191	1261	1.25920548036437	NA	1.06553911205074	0.6273050708650085
3	ENSG00000144847	152404	1.55578318196487	NA	1.06553911205074	0.6273050708650085
3	ENSG00000145087	9515	1.06888667522336	NA	1.06553911205074	0.6273050708650085
3	ENSG00000145113	4585	1.74675501830322	NA	1.06553911205074	0.6273050708650085
3	ENSG00000145192	197	1.55720375087331	NA	1.06553911205074	0.6273050708650085
3	ENSG00000145198	90113	-1.24632443976007	NA	1.06553911205074	0.6273050708650085
3	ENSG00000145626	133688	1.84439119232031	NA	1.06553911205074	0.6273050708650085
3	ENSG00000145681	1404	1.47223927840699	NA	1.06553911205074	0.6273050708650085
3	ENSG00000145708	1393	1.41654123166832	0.0931510521976794	1.06553911205074	0.6273050708650085
3	ENSG00000145824	9547	1.3948223615384	NA	1.06553911205074	0.6273050708650085
3	ENSG00000146013	2676	2.24726742743633	NA	1.06553911205074	0.6273050708650085
3	ENSG00000146039	10050	1.68403844645147	NA	1.06553911205074	0.6273050708650085
3	ENSG00000146216	84630	2.06719628662621	NA	1.06553911205074	0.6273050708650085
3	ENSG00000146250	167681	-1.75623879581897	NA	1.06553911205074	0.6273050708650085
3	ENSG00000147262	139760	1.83280970880062	NA	1.06553911205074	0.6273050708650085
3	ENSG00000147481	54212	1.51670551995387	NA	1.06553911205074	0.6273050708650085
3	ENSG00000147724	51059	1.13730360622449	NA	1.06553911205074	0.6273050708650085
3	ENSG00000148123	54886	1.32962270266224	NA	1.06553911205074	0.6273050708650085
3	ENSG00000149295	1813	1.78478212453044	NA	1.06553911205074	0.6273050708650085
3	ENSG00000149451	80332	1.46849446291214	NA	1.06553911205074	0.6273050708650085
3	ENSG00000149599	128853	1.65728846505142	NA	1.06553911205074	0.6273050708650085
3	ENSG00000149972	53942	1.20106427663887	NA	1.06553911205074	0.6273050708650085
3	ENSG00000150625	2823	-2.1556401720403	0.12420648536628	1.06553911205074	0.6273050708650085
3	ENSG00000150893	341640	1.28074153639964	0.232304021738711	1.06553911205074	0.6273050708650085
3	ENSG00000151322	64067	2.46752952404295	NA	1.06553911205074	0.6273050708650085
3	ENSG00000151615	5458	1.99840715933815	NA	1.06553911205074	0.6273050708650085
3	ENSG00000151834	2555	1.75718388347624	NA	1.06553911205074	0.6273050708650085
3	ENSG00000151952	121256	1.10482998519226	0.347942298706768	1.06553911205074	0.6273050708650085
3	ENSG00000152822	2911	1.72495879399416	NA	1.06553911205074	0.6273050708650085
3	ENSG00000152932	115827	1.31461682798512	NA	1.06553911205074	0.6273050708650085
3	ENSG00000153130	60592	-1.15089866424169	0.207399106232204	1.06553911205074	0.6273050708650085
3	ENSG00000153956	781	1.11982509104707	NA	1.06553911205074	0.6273050708650085
3	ENSG00000154162	1010	1.17199655674749	0.406416663732193	1.06553911205074	0.6273050708650085
3	ENSG00000154415	5506	1.41252298390212	NA	1.06553911205074	0.6273050708650085
3	ENSG00000154975	56934	2.19350036926657	NA	1.06553911205074	0.6273050708650085
3	ENSG00000156298	7102	1.13840892843072	0.446658198640176	1.06553911205074	0.6273050708650085
3	ENSG00000156925	7547	1.96942087430318	NA	1.06553911205074	0.6273050708650085
3	ENSG00000157131	731	1.32920242481556	NA	1.06553911205074	0.6273050708650085
3	ENSG00000157542	3763	1.37923150516924	0.195276151751736	1.06553911205074	0.6273050708650085
3	ENSG00000157765	10568	1.0440776243122	NA	1.06553911205074	0.6273050708650085
3	ENSG00000158113	254050	-1.43004588846289	0.2044408940182	1.06553911205074	0.6273050708650085
3	ENSG00000158764	142683	1.31318804504606	NA	1.06553911205074	0.6273050708650085
3	ENSG00000159212	54102	-1.49277891628855	NA	1.06553911205074	0.6273050708650085
3	ENSG00000160716	1141	1.05958230896669	NA	1.06553911205074	0.6273050708650085
3	ENSG00000160862	563	2.02238212597198	NA	1.06553911205074	0.6273050708650085
3	ENSG00000160870	1551	1.02727366731054	NA	1.06553911205074	0.6273050708650085
3	ENSG00000162068	4917	1.18218126403701	NA	1.06553911205074	0.6273050708650085
3	ENSG00000162069	146439	1.08788398160968	NA	1.06553911205074	0.6273050708650085
3	ENSG00000162460	388595	1.14697893902425	NA	1.06553911205074	0.6273050708650085
3	ENSG00000162576	54587	-1.44312071614848	0.230299006776272	1.06553911205074	0.6273050708650085
3	ENSG00000162621	105378803	2.06037338863053	NA	1.06553911205074	0.6273050708650085
3	ENSG00000162670	339479	1.29216895709064	NA	1.06553911205074	0.6273050708650085
3	ENSG00000162706	57863	1.59694791717302	NA	1.06553911205074	0.6273050708650085
3	ENSG00000162951	347730	1.79547683433552	NA	1.06553911205074	0.6273050708650085
3	ENSG00000163072	115677	2.10763462624902	NA	1.06553911205074	0.6273050708650085
3	ENSG00000163286	251	1.61035945360721	NA	1.06553911205074	0.6273050708650085
3	ENSG00000163288	2560	1.04111681986624	NA	1.06553911205074	0.6273050708650085
3	ENSG00000163618	8618	1.12012357465372	0.0625438671530685	1.06553911205074	0.6273050708650085
3	ENSG00000163631	213	1.63218840122087	NA	1.06553911205074	0.6273050708650085
3	ENSG00000163873	2899	2.19975263332947	0.0872606911277476	1.06553911205074	0.6273050708650085
3	ENSG00000164050	5364	1.11153795321124	0.0879723326511241	1.06553911205074	0.6273050708650085
3	ENSG00000164076	79012	1.06444045499342	NA	1.06553911205074	0.6273050708650085
3	ENSG00000164379	94234	1.39810268000923	NA	1.06553911205074	0.6273050708650085
3	ENSG00000164393	222611	2.1570614277261	NA	1.06553911205074	0.6273050708650085
3	ENSG00000164488	168002	1.66396129866803	NA	1.06553911205074	0.6273050708650085
3	ENSG00000164651	221833	1.12193370906191	NA	1.06553911205074	0.6273050708650085
3	ENSG00000164675	154865	1.34754372094638	NA	1.06553911205074	0.6273050708650085
3	ENSG00000164692	1278	1.91056804830018	0.134179562700284	1.06553911205074	0.6273050708650085
3	ENSG00000164756	169026	1.05398489149066	NA	1.06553911205074	0.6273050708650085
3	ENSG00000164764	157869	1.12758274666434	0.0980914275253209	1.06553911205074	0.6273050708650085
3	ENSG00000164841	157753	1.14393813162232	NA	1.06553911205074	0.6273050708650085
3	ENSG00000164946	158326	1.59436206297031	0.140100753163654	1.06553911205074	0.6273050708650085
3	ENSG00000165215	1365	-1.23483874268739	NA	1.06553911205074	0.6273050708650085
3	ENSG00000165269	364	1.03498448449797	0.245621093699404	1.06553911205074	0.6273050708650085
3	ENSG00000165325	159989	1.42553832535339	NA	1.06553911205074	0.6273050708650085
3	ENSG00000165556	1045	2.31489988006348	NA	1.06553911205074	0.6273050708650085
3	ENSG00000165816	340706	1.21028740493942	0.232461202112345	1.06553911205074	0.6273050708650085
3	ENSG00000165899	283310	1.81551351650553	NA	1.06553911205074	0.6273050708650085
3	ENSG00000165973	4745	1.06365989971753	NA	1.06553911205074	0.6273050708650085
3	ENSG00000165985	389941	-1.31566633183461	0.0994458185935572	1.06553911205074	0.6273050708650085
3	ENSG00000166126	81693	-1.15086883049762	0.148786550441688	1.06553911205074	0.6273050708650085
3	ENSG00000166828	6340	2.09672312364494	NA	1.06553911205074	0.6273050708650085
3	ENSG00000167183	79170	1.1212574145683	NA	1.06553911205074	0.6273050708650085
3	ENSG00000167371	112476	1.0565061559845	0.338102025934754	1.06553911205074	0.6273050708650085
3	ENSG00000167434	762	2.63769628064198	NA	1.06553911205074	0.6273050708650085
3	ENSG00000168032	956	1.22469468795946	NA	1.06553911205074	0.6273050708650085
3	ENSG00000168468	1388	-1.49122304332091	0.586208297548387	1.06553911205074	0.6273050708650085
3	ENSG00000168938	5480	1.36573124926902	NA	1.06553911205074	0.6273050708650085
3	ENSG00000169035	5650	1.16020900499607	NA	1.06553911205074	0.6273050708650085
3	ENSG00000169306	11141	1.01629377484261	NA	1.06553911205074	0.6273050708650085
3	ENSG00000169760	22871	1.01264201273175	0.207137109020576	1.06553911205074	0.6273050708650085
3	ENSG00000169856	3175	1.5786626086906	NA	1.06553911205074	0.6273050708650085
3	ENSG00000169862	1501	1.20730540747581	NA	1.06553911205074	0.6273050708650085
3	ENSG00000169894	4584	1.76008494712253	0.0772367358043782	1.06553911205074	0.6273050708650085
3	ENSG00000170153	57484	1.62870440039433	0.0882748945387711	1.06553911205074	0.6273050708650085
3	ENSG00000170323	2167	1.7913480899128	NA	1.06553911205074	0.6273050708650085
3	ENSG00000170419	222008	1.24942889622332	NA	1.06553911205074	0.6273050708650085
3	ENSG00000170927	5314	1.2750251890536	0.198719660393164	1.06553911205074	0.6273050708650085
3	ENSG00000171227	140738	1.42320579904708	0.139318123919408	1.06553911205074	0.6273050708650085
3	ENSG00000171509	59350	2.03699190003394	NA	1.06553911205074	0.6273050708650085
3	ENSG00000171551	9427	2.14612458180168	NA	1.06553911205074	0.6273050708650085
3	ENSG00000171759	5053	1.11156508344505	NA	1.06553911205074	0.6273050708650085
3	ENSG00000171951	7857	-1.21240729138161	NA	1.06553911205074	0.6273050708650085
3	ENSG00000172016	5068	1.14154762139001	NA	1.06553911205074	0.6273050708650085
3	ENSG00000172348	10231	-1.5137980752804	0.115138258584356	1.06553911205074	0.6273050708650085
3	ENSG00000172935	116535	1.09436961546971	NA	1.06553911205074	0.6273050708650085
3	ENSG00000172955	130	1.23977321531431	NA	1.06553911205074	0.6273050708650085
3	ENSG00000173452	256130	1.58951881936071	NA	1.06553911205074	0.6273050708650085
3	ENSG00000174348	127435	-1.15065763207337	0.179372658453918	1.06553911205074	0.6273050708650085
3	ENSG00000174453	402117	1.03693887042745	NA	1.06553911205074	0.6273050708650085
3	ENSG00000174482	158038	-1.14393999798012	0.0994263803790539	1.06553911205074	0.6273050708650085
3	ENSG00000174740	140886	1.11294665263944	NA	1.06553911205074	0.6273050708650085
3	ENSG00000174948	344758	1.74635030529069	NA	1.06553911205074	0.6273050708650085
3	ENSG00000175426	5122	1.15457364405857	NA	1.06553911205074	0.6273050708650085
3	ENSG00000175766	253314	1.16300610902997	NA	1.06553911205074	0.6273050708650085
3	ENSG00000176435	161198	1.46038348782414	NA	1.06553911205074	0.6273050708650085
3	ENSG00000177511	51046	1.1282028402058	NA	1.06553911205074	0.6273050708650085
3	ENSG00000177694	254827	1.05815949903903	0.375836176783256	1.06553911205074	0.6273050708650085
3	ENSG00000177791	58529	-1.17560467658939	NA	1.06553911205074	0.6273050708650085
3	ENSG00000178568	2066	1.62602346053839	NA	1.06553911205074	0.6273050708650085
3	ENSG00000178662	80034	1.74459155291889	NA	1.06553911205074	0.6273050708650085
3	ENSG00000178882	144347	-1.0145867286784	NA	1.06553911205074	0.6273050708650085
3	ENSG00000178965	127254	-1.22701021799568	0.319218762610223	1.06553911205074	0.6273050708650085
3	ENSG00000179178	128218	1.31065408563138	NA	1.06553911205074	0.6273050708650085
3	ENSG00000179399	2262	1.12211421240869	0.187117805998758	1.06553911205074	0.6273050708650085
3	ENSG00000179403	64856	1.10225741141252	NA	1.06553911205074	0.6273050708650085
3	ENSG00000179902	127003	-1.09395421324617	NA	1.06553911205074	0.6273050708650085
3	ENSG00000179915	9378	1.92436799025276	0.0642294160828369	1.06553911205074	0.6273050708650085
3	ENSG00000180044	401097	1.37505067886621	0.250189716587481	1.06553911205074	0.6273050708650085
3	ENSG00000180440	400120	1.91211949815255	NA	1.06553911205074	0.6273050708650085
3	ENSG00000180988	390077	1.37255072105873	NA	1.06553911205074	0.6273050708650085
3	ENSG00000181085	225689	1.29012687788261	NA	1.06553911205074	0.6273050708650085
3	ENSG00000181143	94025	1.63995374751396	0.102231159676686	1.06553911205074	0.6273050708650085
3	ENSG00000181541	10586	-1.48886905635251	NA	1.06553911205074	0.6273050708650085
3	ENSG00000182156	339221	1.43436492526296	NA	1.06553911205074	0.6273050708650085
3	ENSG00000182575	11248	2.6450136395408	NA	1.06553911205074	0.6273050708650085
3	ENSG00000182674	9312	1.40775687886604	NA	1.06553911205074	0.6273050708650085
3	ENSG00000182747	340146	1.17509543471973	0.161183481241929	1.06553911205074	0.6273050708650085
3	ENSG00000182938	347741	1.2311809558235	NA	1.06553911205074	0.6273050708650085
3	ENSG00000183098	10082	2.07011228776458	NA	1.06553911205074	0.6273050708650085
3	ENSG00000183248	80164	1.42183096114123	NA	1.06553911205074	0.6273050708650085
3	ENSG00000183715	4978	1.45498680336168	NA	1.06553911205074	0.6273050708650085
3	ENSG00000183775	57528	1.5292600394057	0.332249614204852	1.06553911205074	0.6273050708650085
3	ENSG00000183778	10317	1.61887354826353	0.213815156939621	1.06553911205074	0.6273050708650085
3	ENSG00000184012	7113	1.07739065067785	NA	1.06553911205074	0.6273050708650085
3	ENSG00000184611	90134	1.21001914817067	NA	1.06553911205074	0.6273050708650085
3	ENSG00000185352	266722	2.16642000571733	NA	1.06553911205074	0.6273050708650085
3	ENSG00000185739	6345	1.56689834266093	NA	1.06553911205074	0.6273050708650085
3	ENSG00000185742	399947	1.72050181240967	NA	1.06553911205074	0.6273050708650085
3	ENSG00000186479	401190	1.24389913456425	NA	1.06553911205074	0.6273050708650085
3	ENSG00000186998	129080	1.24225383273539	0.0809739697739962	1.06553911205074	0.6273050708650085
3	ENSG00000187045	164656	-1.42314221310121	0.224607401022015	1.06553911205074	0.6273050708650085
3	ENSG00000187758	124	1.15461447280234	NA	1.06553911205074	0.6273050708650085
3	ENSG00000187908	1755	2.26728828757771	NA	1.06553911205074	0.6273050708650085
3	ENSG00000188175	253012	1.01142996846048	0.542840785324122	1.06553911205074	0.6273050708650085
3	ENSG00000188338	10991	2.1311652715229	NA	1.06553911205074	0.6273050708650085
3	ENSG00000188833	377841	1.69290561649523	NA	1.06553911205074	0.6273050708650085
3	ENSG00000196132	4661	1.50025699365571	NA	1.06553911205074	0.6273050708650085
3	ENSG00000196972	644596	-2.33646327541234	NA	1.06553911205074	0.6273050708650085
3	ENSG00000198049	553	1.51068961395548	NA	1.06553911205074	0.6273050708650085
3	ENSG00000198075	27233	1.28152409871041	0.101061727051112	1.06553911205074	0.6273050708650085
3	ENSG00000198336	4635	1.9422157361727	0.0684884400969176	1.06553911205074	0.6273050708650085
3	ENSG00000198515	1259	1.11135154501545	NA	1.06553911205074	0.6273050708650085
3	ENSG00000198944	134548	1.66758406691991	NA	1.06553911205074	0.6273050708650085
3	ENSG00000203972	389396	1.14697893902425	NA	1.06553911205074	0.6273050708650085
3	ENSG00000203985	388633	1.90020030512527	NA	1.06553911205074	0.6273050708650085
3	ENSG00000204128	257407	1.82378887050007	NA	1.06553911205074	0.6273050708650085
3	ENSG00000204421	80740	1.69535116294999	NA	1.06553911205074	0.6273050708650085
3	ENSG00000204624	57540	-1.91520766693907	0.121750841739927	1.06553911205074	0.6273050708650085
3	ENSG00000204711	138255	-2.80139596172536	NA	1.06553911205074	0.6273050708650085
3	ENSG00000204936	57126	2.07100054570838	0.210321259571006	1.06553911205074	0.6273050708650085
3	ENSG00000204983	5644	1.62830062371403	NA	1.06553911205074	0.6273050708650085
3	ENSG00000205922	390874	1.04048608325482	NA	1.06553911205074	0.6273050708650085
3	ENSG00000206340	720	1.77537062236959	0.630078106582036	1.06553911205074	0.6273050708650085
3	ENSG00000206384	131873	2.07693352852559	NA	1.06553911205074	0.6273050708650085
3	ENSG00000213022	284366	1.35840281552707	NA	1.06553911205074	0.6273050708650085
3	ENSG00000213931	3046	2.08687325006425	0.233985789455608	1.06553911205074	0.6273050708650085
3	ENSG00000214814	654463	1.96225495267507	NA	1.06553911205074	0.6273050708650085
3	ENSG00000214872	219537	-1.63188997259384	0.113086632778074	1.06553911205074	0.6273050708650085
3	ENSG00000223572	548596	1.59177330595037	NA	1.06553911205074	0.6273050708650085
3	ENSG00000230413	3135	-2.70851067458103	NA	1.06553911205074	0.6273050708650085
3	ENSG00000232237	647219	1.1513111316795	NA	1.06553911205074	0.6273050708650085
3	ENSG00000233932	399697	1.11020287014554	NA	1.06553911205074	0.6273050708650085
3	ENSG00000234078	780	-3.65941188691607	0.515355945821309	1.06553911205074	0.6273050708650085
3	ENSG00000237289	1159	1.94564054783313	NA	1.06553911205074	0.6273050708650085
3	ENSG00000243232	56134	1.65084779202668	NA	1.06553911205074	0.6273050708650085
3	ENSG00000243649	629	-1.76463742927377	0.262172023073262	1.06553911205074	0.6273050708650085
3	ENSG00000243955	2938	1.11502696842653	NA	1.06553911205074	0.6273050708650085
3	ENSG00000248329	100506013	1.8955914332087	NA	1.06553911205074	0.6273050708650085
3	ENSG00000248713	285556	1.02236651151572	NA	1.06553911205074	0.6273050708650085
3	ENSG00000250420	729522	1.11506976688122	NA	1.06553911205074	0.6273050708650085
3	ENSG00000250799	58510	1.63517160253477	NA	1.06553911205074	0.6273050708650085
3	ENSG00000259417	100996492	1.19478923345938	NA	1.06553911205074	0.6273050708650085
3	ENSG00000260802	401613	1.30298553904683	NA	1.06553911205074	0.6273050708650085
3	ENSG00000260903	343702	1.10534643455874	NA	1.06553911205074	0.6273050708650085
3	ENSG00000261678	83482	1.18467613050902	NA	1.06553911205074	0.6273050708650085
3	ENSG00000261760	100507334	1.38444837750792	NA	1.06553911205074	0.6273050708650085
3	ENSG00000265107	2702	1.31169948401526	NA	1.06553911205074	0.6273050708650085
3	ENSG00000269437	728343	1.36273096249473	NA	1.06553911205074	0.6273050708650085
3	ENSG00000271824	389332	1.00137451898227	NA	1.06553911205074	0.6273050708650085
3	ENSG00000273572	53841	1.63746749850357	0.383685466849008	1.06553911205074	0.6273050708650085
3	ENSG00000274384	147798	1.57786779160408	0.284308557526305	1.06553911205074	0.6273050708650085
3	ENSG00000274671	153562	-4.06261702090508	0.454125576362827	1.06553911205074	0.6273050708650085
3	ENSG00000275331	368	2.075611984794	0.0947950472751726	1.06553911205074	0.6273050708650085
3	ENSG00000275365	4320	-1.15020691522344	0.774987887988087	1.06553911205074	0.6273050708650085
3	ENSG00000276615	3792	1.34294238446892	0.526103732598586	1.06553911205074	0.6273050708650085
3	ENSG00000276870	8399	-1.01558086184346	NA	1.06553911205074	0.6273050708650085
3	ENSG00000277060	55655	-1.55876852423185	0.450191179863585	1.06553911205074	0.6273050708650085
3	ENSG00000278091	7639	1.70733262669872	NA	1.06553911205074	0.6273050708650085
3	ENSG00000278373	57818	1.11216761963916	NA	1.06553911205074	0.6273050708650085
3	ENSG00000280165	64881	1.85440965027537	0.387560100710234	1.06553911205074	0.6273050708650085
3	ENSG00000281518	100132074	1.72764089704637	NA	1.06553911205074	0.6273050708650085
3	ENSG00000281919	51151	2.20498082273841	NA	1.06553911205074	0.6273050708650085
3	ENSG00000284395	105371045	1.14364882544456	NA	1.06553911205074	0.6273050708650085
3	ENSG00000284881	1672	-2.03461422056813	NA	1.06553911205074	0.6273050708650085
4	ENSG00000004776	126393	2.31954911681901	0.0688794434009192	1.5383720930232558	0.008534655022823258
4	ENSG00000007952	27035	1.10241449601133	NA	1.5383720930232558	0.008534655022823258
4	ENSG00000008196	7021	1.79051132912067	NA	1.5383720930232558	0.008534655022823258
4	ENSG00000019549	6591	1.33637709065693	NA	1.5383720930232558	0.008534655022823258
4	ENSG00000036672	9099	1.40458957390848	0.187117805998758	1.5383720930232558	0.008534655022823258
4	ENSG00000043039	8538	1.01642052032615	0.277397752562867	1.5383720930232558	0.008534655022823258
4	ENSG00000049283	55040	1.19813870406815	NA	1.5383720930232558	0.008534655022823258
4	ENSG00000056487	112885	-1.24669605233817	NA	1.5383720930232558	0.008534655022823258
4	ENSG00000065618	1308	1.07384124407591	NA	1.5383720930232558	0.008534655022823258
4	ENSG00000075673	479	2.05892053114608	NA	1.5383720930232558	0.008534655022823258
4	ENSG00000077063	83992	-1.43658965763538	0.26533839521163	1.5383720930232558	0.008534655022823258
4	ENSG00000077522	88	1.39324064579211	NA	1.5383720930232558	0.008534655022823258
4	ENSG00000079393	51207	1.53638207410845	NA	1.5383720930232558	0.008534655022823258
4	ENSG00000088926	2160	1.50810414525297	NA	1.5383720930232558	0.008534655022823258
4	ENSG00000096006	10321	1.7993390461487	NA	1.5383720930232558	0.008534655022823258
4	ENSG00000100362	5816	1.33246463405023	0.486666346638685	1.5383720930232558	0.008534655022823258
4	ENSG00000100739	623	1.73011376246529	NA	1.5383720930232558	0.008534655022823258
4	ENSG00000100842	10278	2.7197763008948	NA	1.5383720930232558	0.008534655022823258
4	ENSG00000101098	140730	1.17246088218192	NA	1.5383720930232558	0.008534655022823258
4	ENSG00000102802	84935	1.26899281033993	NA	1.5383720930232558	0.008534655022823258
4	ENSG00000103460	27324	1.26866945492128	NA	1.5383720930232558	0.008534655022823258
4	ENSG00000103710	51285	1.23202909307104	NA	1.5383720930232558	0.008534655022823258
4	ENSG00000103723	8120	-1.90644957294358	0.0958333086029663	1.5383720930232558	0.008534655022823258
4	ENSG00000104415	8840	1.59708803669105	NA	1.5383720930232558	0.008534655022823258
4	ENSG00000105894	5764	1.14697893902425	NA	1.5383720930232558	0.008534655022823258
4	ENSG00000108018	114815	1.50098121462109	NA	1.5383720930232558	0.008534655022823258
4	ENSG00000109625	8532	1.53563855808306	NA	1.5383720930232558	0.008534655022823258
4	ENSG00000110680	796	1.19740838952993	NA	1.5383720930232558	0.008534655022823258
4	ENSG00000111405	8909	1.0910587185611	NA	1.5383720930232558	0.008534655022823258
4	ENSG00000112493	6892	-1.48042073133003	0.12029241314803	1.5383720930232558	0.008534655022823258
4	ENSG00000113396	28965	1.39790594162343	NA	1.5383720930232558	0.008534655022823258
4	ENSG00000113805	5067	1.54753854191748	NA	1.5383720930232558	0.008534655022823258
4	ENSG00000115593	150572	1.19936685131492	NA	1.5383720930232558	0.008534655022823258
4	ENSG00000115616	6549	1.49739937595363	NA	1.5383720930232558	0.008534655022823258
4	ENSG00000116675	9829	1.38573857037041	0.0530784411548508	1.5383720930232558	0.008534655022823258
4	ENSG00000118946	27253	1.82387622631468	NA	1.5383720930232558	0.008534655022823258
4	ENSG00000120327	56122	1.512246488487	NA	1.5383720930232558	0.008534655022823258
4	ENSG00000121005	83690	1.37739616251465	0.161183481241929	1.5383720930232558	0.008534655022823258
4	ENSG00000121440	23024	1.64344695769455	NA	1.5383720930232558	0.008534655022823258
4	ENSG00000122176	2331	2.35138985415566	NA	1.5383720930232558	0.008534655022823258
4	ENSG00000122477	127495	-1.29566725619398	0.287477234046443	1.5383720930232558	0.008534655022823258
4	ENSG00000124102	5266	1.83271326913988	NA	1.5383720930232558	0.008534655022823258
4	ENSG00000124143	343578	1.34399564296659	NA	1.5383720930232558	0.008534655022823258
4	ENSG00000125355	55026	-1.46521582825245	0.0545144257983406	1.5383720930232558	0.008534655022823258
4	ENSG00000127252	57110	1.05122142340631	0.259224618568081	1.5383720930232558	0.008534655022823258
4	ENSG00000129951	79948	1.30809996044835	NA	1.5383720930232558	0.008534655022823258
4	ENSG00000130558	10439	-1.28301653531879	0.25055761372961	1.5383720930232558	0.008534655022823258
4	ENSG00000131435	8572	1.32996827798555	NA	1.5383720930232558	0.008534655022823258
4	ENSG00000132746	222	1.72971182476108	NA	1.5383720930232558	0.008534655022823258
4	ENSG00000133454	84700	2.61889521429239	NA	1.5383720930232558	0.008534655022823258
4	ENSG00000134321	91543	-1.36954036418782	0.0590896218298342	1.5383720930232558	0.008534655022823258
4	ENSG00000134760	1828	1.25571775305721	NA	1.5383720930232558	0.008534655022823258
4	ENSG00000135097	4440	1.24847051768426	NA	1.5383720930232558	0.008534655022823258
4	ENSG00000135346	1081	1.36864741434069	NA	1.5383720930232558	0.008534655022823258
4	ENSG00000137285	347733	1.81154947516756	NA	1.5383720930232558	0.008534655022823258
4	ENSG00000137460	85462	-1.78181437998481	NA	1.5383720930232558	0.008534655022823258
4	ENSG00000137507	2615	1.07799596188847	0.139066552402592	1.5383720930232558	0.008534655022823258
4	ENSG00000138395	65061	1.96777264537632	NA	1.5383720930232558	0.008534655022823258
4	ENSG00000139219	1280	1.01723225276451	NA	1.5383720930232558	0.008534655022823258
4	ENSG00000139220	8499	1.00110011765874	NA	1.5383720930232558	0.008534655022823258
4	ENSG00000139973	83851	2.49784891732712	NA	1.5383720930232558	0.008534655022823258
4	ENSG00000140600	6457	1.50150966050197	NA	1.5383720930232558	0.008534655022823258
4	ENSG00000140937	1009	1.15405007650158	NA	1.5383720930232558	0.008534655022823258
4	ENSG00000141431	80816	1.64519069821028	0.118616403482143	1.5383720930232558	0.008534655022823258
4	ENSG00000141579	79755	2.50858866394736	NA	1.5383720930232558	0.008534655022823258
4	ENSG00000143028	284612	1.06519245387996	NA	1.5383720930232558	0.008534655022823258
4	ENSG00000143340	148753	2.16046854009047	NA	1.5383720930232558	0.008534655022823258
4	ENSG00000146950	357	1.94067193151666	NA	1.5383720930232558	0.008534655022823258
4	ENSG00000147041	94122	1.50509170871253	NA	1.5383720930232558	0.008534655022823258
4	ENSG00000147145	2846	2.79890144772886	NA	1.5383720930232558	0.008534655022823258
4	ENSG00000147573	84675	1.41795153113556	NA	1.5383720930232558	0.008534655022823258
4	ENSG00000147676	114569	1.51826135976945	NA	1.5383720930232558	0.008534655022823258
4	ENSG00000148408	774	1.43333507321931	NA	1.5383720930232558	0.008534655022823258
4	ENSG00000148541	220965	1.55931017065365	NA	1.5383720930232558	0.008534655022823258
4	ENSG00000148942	159963	1.23736968509337	NA	1.5383720930232558	0.008534655022823258
4	ENSG00000148948	57689	1.40607159446293	NA	1.5383720930232558	0.008534655022823258
4	ENSG00000149090	25891	1.82249580944704	NA	1.5383720930232558	0.008534655022823258
4	ENSG00000150471	23284	1.65131243302883	NA	1.5383720930232558	0.008534655022823258
4	ENSG00000151276	9223	1.4140294397555	0.214826137144511	1.5383720930232558	0.008534655022823258
4	ENSG00000151364	65987	-1.91437444801864	0.140824151495889	1.5383720930232558	0.008534655022823258
4	ENSG00000152092	460	2.46004089415187	NA	1.5383720930232558	0.008534655022823258
4	ENSG00000153404	153478	1.35605979784203	0.0882123554473423	1.5383720930232558	0.008534655022823258
4	ENSG00000154118	57338	1.69464930259286	NA	1.5383720930232558	0.008534655022823258
4	ENSG00000156140	9508	1.06035745165016	NA	1.5383720930232558	0.008534655022823258
4	ENSG00000156453	5097	-1.37799982682368	0.0747137251509462	1.5383720930232558	0.008534655022823258
4	ENSG00000156486	3788	1.30979065654684	NA	1.5383720930232558	0.008534655022823258
4	ENSG00000157119	131377	1.31800113274113	NA	1.5383720930232558	0.008534655022823258
4	ENSG00000157613	90993	1.05606863347353	0.369487561427137	1.5383720930232558	0.008534655022823258
4	ENSG00000157703	136306	1.05015467458576	NA	1.5383720930232558	0.008534655022823258
4	ENSG00000158022	84676	1.63064821307707	NA	1.5383720930232558	0.008534655022823258
4	ENSG00000158258	64084	1.44227960445838	0.189998059747356	1.5383720930232558	0.008534655022823258
4	ENSG00000159248	57369	2.10128528197292	NA	1.5383720930232558	0.008534655022823258
4	ENSG00000160097	252995	-1.00873998501257	NA	1.5383720930232558	0.008534655022823258
4	ENSG00000160801	5745	1.930799850773	NA	1.5383720930232558	0.008534655022823258
4	ENSG00000162692	7412	-1.00429368129037	0.406416663732193	1.5383720930232558	0.008534655022823258
4	ENSG00000162738	57216	1.23867927032319	NA	1.5383720930232558	0.008534655022823258
4	ENSG00000162771	149647	-1.10209450525568	NA	1.5383720930232558	0.008534655022823258
4	ENSG00000162949	92291	2.80029041447468	NA	1.5383720930232558	0.008534655022823258
4	ENSG00000163017	72	1.73336004765155	NA	1.5383720930232558	0.008534655022823258
4	ENSG00000163359	1293	1.14233227834925	0.0523435505988286	1.5383720930232558	0.008534655022823258
4	ENSG00000163701	132014	2.44022144686497	NA	1.5383720930232558	0.008534655022823258
4	ENSG00000164176	10085	1.13693427516965	NA	1.5383720930232558	0.008534655022823258
4	ENSG00000164588	348980	1.56694649295591	NA	1.5383720930232558	0.008534655022823258
4	ENSG00000164659	222223	-1.17644715088763	0.115047022593803	1.5383720930232558	0.008534655022823258
4	ENSG00000164879	761	1.24645460673948	0.424260144634997	1.5383720930232558	0.008534655022823258
4	ENSG00000165124	79987	1.33692117664705	0.335849204705415	1.5383720930232558	0.008534655022823258
4	ENSG00000165349	84889	1.77070560807117	NA	1.5383720930232558	0.008534655022823258
4	ENSG00000166743	116285	-1.22988293404591	0.239439516048212	1.5383720930232558	0.008534655022823258
4	ENSG00000167244	3481	1.33572344914058	NA	1.5383720930232558	0.008534655022823258
4	ENSG00000168671	167127	-1.07549639314061	NA	1.5383720930232558	0.008534655022823258
4	ENSG00000169067	345651	1.48406988149367	NA	1.5383720930232558	0.008534655022823258
4	ENSG00000169245	3627	-1.34852520361548	0.0790637876177475	1.5383720930232558	0.008534655022823258
4	ENSG00000169248	6373	-1.72688643732614	0.303813901831842	1.5383720930232558	0.008534655022823258
4	ENSG00000169271	8988	2.23376802477314	NA	1.5383720930232558	0.008534655022823258
4	ENSG00000169515	83987	1.25413869622133	0.198959937598911	1.5383720930232558	0.008534655022823258
4	ENSG00000169744	9079	-1.60074579906525	0.266638127929045	1.5383720930232558	0.008534655022823258
4	ENSG00000169750	5881	1.31827186481336	NA	1.5383720930232558	0.008534655022823258
4	ENSG00000170577	10736	1.20854825004648	NA	1.5383720930232558	0.008534655022823258
4	ENSG00000170775	2861	1.37543219609987	NA	1.5383720930232558	0.008534655022823258
4	ENSG00000171004	90161	1.2738629297355	NA	1.5383720930232558	0.008534655022823258
4	ENSG00000171124	2525	1.81071304359804	NA	1.5383720930232558	0.008534655022823258
4	ENSG00000171385	3752	1.57178929993209	0.0731083560599338	1.5383720930232558	0.008534655022823258
4	ENSG00000171819	10218	1.84186773836574	NA	1.5383720930232558	0.008534655022823258
4	ENSG00000172399	51778	1.54144339682653	NA	1.5383720930232558	0.008534655022823258
4	ENSG00000172461	10690	1.0055779851594	0.397743639737708	1.5383720930232558	0.008534655022823258
4	ENSG00000172733	29942	1.9869500892439	NA	1.5383720930232558	0.008534655022823258
4	ENSG00000172995	10777	1.24883742742121	NA	1.5383720930232558	0.008534655022823258
4	ENSG00000173157	80070	1.86120342021054	NA	1.5383720930232558	0.008534655022823258
4	ENSG00000174640	6578	1.44946734049461	0.234328300617285	1.5383720930232558	0.008534655022823258
4	ENSG00000175229	89792	1.06896277723692	NA	1.5383720930232558	0.008534655022823258
4	ENSG00000175315	1474	-2.3920980091026	NA	1.5383720930232558	0.008534655022823258
4	ENSG00000177076	340485	1.16734181133133	0.187117805998758	1.5383720930232558	0.008534655022823258
4	ENSG00000177108	283576	1.82921966214921	NA	1.5383720930232558	0.008534655022823258
4	ENSG00000178031	92949	2.15566338436151	NA	1.5383720930232558	0.008534655022823258
4	ENSG00000178033	254228	1.21894574830884	0.108908040971467	1.5383720930232558	0.008534655022823258
4	ENSG00000179674	80117	1.62693963405907	NA	1.5383720930232558	0.008534655022823258
4	ENSG00000182168	8633	1.8196220285261	NA	1.5383720930232558	0.008534655022823258
4	ENSG00000182489	402415	-1.28816283325041	NA	1.5383720930232558	0.008534655022823258
4	ENSG00000183273	160777	1.64391826718534	NA	1.5383720930232558	0.008534655022823258
4	ENSG00000183378	341277	1.23242185833825	NA	1.5383720930232558	0.008534655022823258
4	ENSG00000183580	23194	1.26756848478992	NA	1.5383720930232558	0.008534655022823258
4	ENSG00000183850	100129543	1.51315588308441	NA	1.5383720930232558	0.008534655022823258
4	ENSG00000184697	9074	-1.21789764421903	NA	1.5383720930232558	0.008534655022823258
4	ENSG00000185274	64409	1.67182716262835	NA	1.5383720930232558	0.008534655022823258
4	ENSG00000185559	8788	1.32541050302517	NA	1.5383720930232558	0.008534655022823258
4	ENSG00000185745	3434	-1.3832467254551	0.14483454125397	1.5383720930232558	0.008534655022823258
4	ENSG00000186081	3852	1.19395786092854	NA	1.5383720930232558	0.008534655022823258
4	ENSG00000186212	345079	1.58051114746481	NA	1.5383720930232558	0.008534655022823258
4	ENSG00000186439	10345	1.60526986415973	NA	1.5383720930232558	0.008534655022823258
4	ENSG00000186442	3850	1.14697893902425	NA	1.5383720930232558	0.008534655022823258
4	ENSG00000187123	130574	2.54216723420343	NA	1.5383720930232558	0.008534655022823258
4	ENSG00000187772	389421	1.09780225336675	NA	1.5383720930232558	0.008534655022823258
4	ENSG00000187987	222696	-1.70830232913477	0.138693585417027	1.5383720930232558	0.008534655022823258
4	ENSG00000188730	375567	1.76017039096044	NA	1.5383720930232558	0.008534655022823258
4	ENSG00000189108	26280	1.18561684569297	NA	1.5383720930232558	0.008534655022823258
4	ENSG00000189221	4128	-1.05392302877846	0.394097360898445	1.5383720930232558	0.008534655022823258
4	ENSG00000189280	2709	1.88213359965757	NA	1.5383720930232558	0.008534655022823258
4	ENSG00000189325	389384	-1.21955733021216	NA	1.5383720930232558	0.008534655022823258
4	ENSG00000189433	127534	1.13602989287122	NA	1.5383720930232558	0.008534655022823258
4	ENSG00000196415	5657	1.25908888153747	NA	1.5383720930232558	0.008534655022823258
4	ENSG00000196862	285190	1.06455204566231	NA	1.5383720930232558	0.008534655022823258
4	ENSG00000196932	219623	1.74675501830322	NA	1.5383720930232558	0.008534655022823258
4	ENSG00000197177	84435	1.34495992699182	NA	1.5383720930232558	0.008534655022823258
4	ENSG00000197506	64078	-2.01524449080099	0.0867420221331607	1.5383720930232558	0.008534655022823258
4	ENSG00000197993	3792	1.91770012738923	0.0947950472751726	1.5383720930232558	0.008534655022823258
4	ENSG00000198108	337876	-1.38089182826311	0.345236165098485	1.5383720930232558	0.008534655022823258
4	ENSG00000198542	9358	-1.01868118639178	NA	1.5383720930232558	0.008534655022823258
4	ENSG00000198570	343035	1.24943058261455	NA	1.5383720930232558	0.008534655022823258
4	ENSG00000198759	25975	1.49826252747305	NA	1.5383720930232558	0.008534655022823258
4	ENSG00000198797	57795	2.2743624476373	NA	1.5383720930232558	0.008534655022823258
4	ENSG00000198842	92235	1.3424684596115	NA	1.5383720930232558	0.008534655022823258
4	ENSG00000204021	643414	1.14697893902425	NA	1.5383720930232558	0.008534655022823258
4	ENSG00000204291	1306	1.19133901681267	0.293233305587331	1.5383720930232558	0.008534655022823258
4	ENSG00000204576	80742	1.67308076509282	0.0578126482554379	1.5383720930232558	0.008534655022823258
4	ENSG00000205592	283463	1.98739541233473	0.0963744419572891	1.5383720930232558	0.008534655022823258
4	ENSG00000206208	6892	1.98279193883864	0.242660180833953	1.5383720930232558	0.008534655022823258
4	ENSG00000206256	9374	-5.15210207654462	0.326701284379469	1.5383720930232558	0.008534655022823258
4	ENSG00000221986	343263	2.04175987575653	NA	1.5383720930232558	0.008534655022823258
4	ENSG00000223766	80742	1.16138051075803	0.548674709472989	1.5383720930232558	0.008534655022823258
4	ENSG00000224156	203068	-4.22297922009257	0.441145549272008	1.5383720930232558	0.008534655022823258
4	ENSG00000228333	6257	4.23634978521136	0.432849516459831	1.5383720930232558	0.008534655022823258
4	ENSG00000229253	9278	-1.37735478090787	0.27470009643413	1.5383720930232558	0.008534655022823258
4	ENSG00000231924	5669	2.74291484931582	NA	1.5383720930232558	0.008534655022823258
4	ENSG00000232569	2550	-1.24603210039461	0.249362676015843	1.5383720930232558	0.008534655022823258
4	ENSG00000236014	6293	-1.25226714041482	NA	1.5383720930232558	0.008534655022823258
4	ENSG00000237330	401934	1.41708514767517	NA	1.5383720930232558	0.008534655022823258
4	ENSG00000237599	6891	-3.94721842075988	0.230819405360877	1.5383720930232558	0.008534655022823258
4	ENSG00000239927	79897	-1.54901123855571	NA	1.5383720930232558	0.008534655022823258
4	ENSG00000240194	643160	1.35839812617546	NA	1.5383720930232558	0.008534655022823258
4	ENSG00000240764	56097	2.62859209942094	NA	1.5383720930232558	0.008534655022823258
4	ENSG00000243244	11037	1.05739020063699	0.180733393363969	1.5383720930232558	0.008534655022823258
4	ENSG00000244694	442213	1.2229070043814	0.065236339528795	1.5383720930232558	0.008534655022823258
4	ENSG00000253873	56105	3.70235132376175	NA	1.5383720930232558	0.008534655022823258
4	ENSG00000262179	101929726	1.26835071781428	NA	1.5383720930232558	0.008534655022823258
4	ENSG00000262406	4321	1.14697893902425	NA	1.5383720930232558	0.008534655022823258
4	ENSG00000273814	100506658	1.13116963535096	0.0775102710184982	1.5383720930232558	0.008534655022823258
4	ENSG00000275164	4585	1.2961577777608	NA	1.5383720930232558	0.008534655022823258
4	ENSG00000275555	28514	1.04895899659719	0.819274670495016	1.5383720930232558	0.008534655022823258
4	ENSG00000276070	9560	-1.18029397374944	0.130032779782178	1.5383720930232558	0.008534655022823258
4	ENSG00000276537	57348	1.68452372605129	NA	1.5383720930232558	0.008534655022823258
4	ENSG00000277656	2952	-1.35468366654883	0.438932004241175	1.5383720930232558	0.008534655022823258
4	ENSG00000278522	102724631	1.42403273272708	0.157964513207655	1.5383720930232558	0.008534655022823258
4	ENSG00000282607	8972	-4.29636516007832	0.0708097667329472	1.5383720930232558	0.008534655022823258
4	ENSG00000288250	7140	1.91598122756439	NA	1.5383720930232558	0.008534655022823258
4	ENSG00000288438	102723360	1.02164437625449	NA	1.5383720930232558	0.008534655022823258
6	ENSG00000005108	221981	1.23272744307519	0.279103032996533	1.051349772116396	0.6990223276482117
6	ENSG00000012504	9971	1.33616167356242	NA	1.051349772116396	0.6990223276482117
6	ENSG00000052850	60529	2.21957794868519	NA	1.051349772116396	0.6990223276482117
6	ENSG00000074410	771	1.69994475375775	NA	1.051349772116396	0.6990223276482117
6	ENSG00000091129	4897	1.20699078476615	0.0989435941190519	1.051349772116396	0.6990223276482117
6	ENSG00000101074	140902	1.72556765725885	NA	1.051349772116396	0.6990223276482117
6	ENSG00000102385	1821	2.28598352248489	NA	1.051349772116396	0.6990223276482117
6	ENSG00000102452	259232	1.03341660902271	0.148541415832961	1.051349772116396	0.6990223276482117
6	ENSG00000104332	6422	1.55791523768354	NA	1.051349772116396	0.6990223276482117
6	ENSG00000104888	57030	-1.3749315266295	NA	1.051349772116396	0.6990223276482117
6	ENSG00000105825	7980	1.1620889367326	NA	1.051349772116396	0.6990223276482117
6	ENSG00000105928	1687	1.00725061990505	0.0550507263668239	1.051349772116396	0.6990223276482117
6	ENSG00000106125	84182	1.12084928775457	0.129941113020352	1.051349772116396	0.6990223276482117
6	ENSG00000106483	6424	1.42145192564054	NA	1.051349772116396	0.6990223276482117
6	ENSG00000106714	79937	1.22645650809203	0.333010356629409	1.051349772116396	0.6990223276482117
6	ENSG00000111199	59341	1.01495085220247	0.153417332270737	1.051349772116396	0.6990223276482117
6	ENSG00000112319	2070	1.11841912730645	NA	1.051349772116396	0.6990223276482117
6	ENSG00000112541	10846	1.2122569669896	0.240635431377448	1.051349772116396	0.6990223276482117
6	ENSG00000114805	23007	1.42060960960322	0.082872752230377	1.051349772116396	0.6990223276482117
6	ENSG00000123364	3229	2.33025093830341	NA	1.051349772116396	0.6990223276482117
6	ENSG00000128655	50940	1.0111303568687	0.516790316756657	1.051349772116396	0.6990223276482117
6	ENSG00000135111	6926	2.58211700208544	NA	1.051349772116396	0.6990223276482117
6	ENSG00000136160	1910	1.11140655904135	0.145728928289096	1.051349772116396	0.6990223276482117
6	ENSG00000137261	9856	1.74448109248438	NA	1.051349772116396	0.6990223276482117
6	ENSG00000138347	84665	1.15371908435351	NA	1.051349772116396	0.6990223276482117
6	ENSG00000138696	658	1.89964620241907	NA	1.051349772116396	0.6990223276482117
6	ENSG00000140538	4916	1.33958196389426	0.103647881858968	1.051349772116396	0.6990223276482117
6	ENSG00000141052	93649	2.45418151761311	NA	1.051349772116396	0.6990223276482117
6	ENSG00000141314	162494	1.94440881306322	0.0909701696368699	1.051349772116396	0.6990223276482117
6	ENSG00000142178	150094	-1.85014204334425	0.12358858868462	1.051349772116396	0.6990223276482117
6	ENSG00000143473	3756	1.8273562030399	NA	1.051349772116396	0.6990223276482117
6	ENSG00000143502	55061	-1.09763299767503	0.109671417708248	1.051349772116396	0.6990223276482117
6	ENSG00000144057	84620	1.05088796108767	0.197313464357602	1.051349772116396	0.6990223276482117
6	ENSG00000144668	3680	1.06089517829351	0.0619367379102347	1.051349772116396	0.6990223276482117
6	ENSG00000145242	2044	1.20325511578394	NA	1.051349772116396	0.6990223276482117
6	ENSG00000150594	150	1.22250619806257	0.100630109112789	1.051349772116396	0.6990223276482117
6	ENSG00000151632	1646	1.75246765719101	NA	1.051349772116396	0.6990223276482117
6	ENSG00000153157	221711	1.62490778380156	NA	1.051349772116396	0.6990223276482117
6	ENSG00000153246	22925	1.43064351186987	0.0733670409475836	1.051349772116396	0.6990223276482117
6	ENSG00000153347	153643	1.25161136123582	0.109039799405677	1.051349772116396	0.6990223276482117
6	ENSG00000156687	137970	1.33143957227387	NA	1.051349772116396	0.6990223276482117
6	ENSG00000163735	6374	1.05299425710147	0.323797153758325	1.051349772116396	0.6990223276482117
6	ENSG00000164520	135250	1.17049355480485	0.179851641046239	1.051349772116396	0.6990223276482117
6	ENSG00000168306	8309	1.48978693545433	0.0751336722206573	1.051349772116396	0.6990223276482117
6	ENSG00000168398	624	1.51785590361432	NA	1.051349772116396	0.6990223276482117
6	ENSG00000169604	84168	1.99386496407679	NA	1.051349772116396	0.6990223276482117
6	ENSG00000170500	164832	1.41942146698047	0.0592738151783045	1.051349772116396	0.6990223276482117
6	ENSG00000171658	344887	1.31741840024106	NA	1.051349772116396	0.6990223276482117
6	ENSG00000171903	57834	1.41257455054382	NA	1.051349772116396	0.6990223276482117
6	ENSG00000176697	627	1.30263002152779	0.131924988298778	1.051349772116396	0.6990223276482117
6	ENSG00000176771	344148	1.4802085860395	NA	1.051349772116396	0.6990223276482117
6	ENSG00000176907	56892	1.18690710784448	NA	1.051349772116396	0.6990223276482117
6	ENSG00000178919	2304	1.03837496148401	NA	1.051349772116396	0.6990223276482117
6	ENSG00000182326	716	1.16117969904928	0.161183481241929	1.051349772116396	0.6990223276482117
6	ENSG00000182752	5069	1.14772388711666	0.384055326049236	1.051349772116396	0.6990223276482117
6	ENSG00000183128	119395	1.01406811008586	NA	1.051349772116396	0.6990223276482117
6	ENSG00000183206	388468	1.96079020426485	0.0699120914594359	1.051349772116396	0.6990223276482117
6	ENSG00000185052	57419	1.52479189476556	0.0811031510938372	1.051349772116396	0.6990223276482117
6	ENSG00000188133	401498	1.75415488320362	NA	1.051349772116396	0.6990223276482117
6	ENSG00000197353	137797	-1.46494049288072	0.277734023590282	1.051349772116396	0.6990223276482117
6	ENSG00000203995	440590	1.08787348424092	0.0752512229604035	1.051349772116396	0.6990223276482117
6	ENSG00000205221	5212	-1.15979002350486	0.268385051059845	1.051349772116396	0.6990223276482117
6	ENSG00000211448	1734	1.29940237239484	0.148104296014388	1.051349772116396	0.6990223276482117
6	ENSG00000215182	4586	1.25080711655638	0.290150802651354	1.051349772116396	0.6990223276482117
6	ENSG00000221843	84226	1.02452410437215	0.171670127242696	1.051349772116396	0.6990223276482117
6	ENSG00000228582	6891	-2.17532216628753	0.654773890660829	1.051349772116396	0.6990223276482117
6	ENSG00000235169	388588	1.20592936806054	0.231773819629197	1.051349772116396	0.6990223276482117
6	ENSG00000236104	9278	1.16760967086516	0.403456933905064	1.051349772116396	0.6990223276482117
6	ENSG00000249715	90342	1.06785015306705	0.294666858464912	1.051349772116396	0.6990223276482117
6	ENSG00000255408	56145	1.14697893902425	NA	1.051349772116396	0.6990223276482117
6	ENSG00000260314	4360	1.18341279880719	0.105323683069441	1.051349772116396	0.6990223276482117
6	ENSG00000264717	100996758	1.14697893902425	NA	1.051349772116396	0.6990223276482117
6	ENSG00000265763	118738	1.93661635848679	NA	1.051349772116396	0.6990223276482117
6	ENSG00000275082	55655	-1.44044991502718	0.817414410163787	1.051349772116396	0.6990223276482117
6	ENSG00000278823	89927	-1.01640585007447	0.69827851214382	1.051349772116396	0.6990223276482117
6	ENSG00000288611	2831	-1.38799161408463	NA	1.051349772116396	0.6990223276482117
13	ENSG00000050820	9564	1.01164937934037	NA	1.5319888063302134	0.28980560209900114
13	ENSG00000087076	51171	-1.47373975462726	NA	1.5319888063302134	0.28980560209900114
13	ENSG00000102302	2245	1.33511232501783	NA	1.5319888063302134	0.28980560209900114
13	ENSG00000105137	85360	1.62774095571747	NA	1.5319888063302134	0.28980560209900114
13	ENSG00000105419	56917	1.07053769869189	0.0962458599301922	1.5319888063302134	0.28980560209900114
13	ENSG00000107186	8777	1.12614124698916	NA	1.5319888063302134	0.28980560209900114
13	ENSG00000122786	800	1.37483125461898	0.0518054363869839	1.5319888063302134	0.28980560209900114
13	ENSG00000130635	1289	1.2668000673359	0.253715026501104	1.5319888063302134	0.28980560209900114
13	ENSG00000137203	7020	1.28213968146842	NA	1.5319888063302134	0.28980560209900114
13	ENSG00000143545	5872	1.07887935982373	0.131171080406179	1.5319888063302134	0.28980560209900114
13	ENSG00000143630	57657	1.14526681031342	0.145141558342914	1.5319888063302134	0.28980560209900114
13	ENSG00000167994	5866	1.00784953919929	0.180687285790004	1.5319888063302134	0.28980560209900114
13	ENSG00000177679	222183	1.27713892140886	NA	1.5319888063302134	0.28980560209900114
13	ENSG00000177875	387856	-1.27110679221698	0.244082479009318	1.5319888063302134	0.28980560209900114
13	ENSG00000260428	642658	-1.60332308275137	NA	1.5319888063302134	0.28980560209900114
15	ENSG00000047597	7504	1.26190913023098	0.0716693258311871	22.670746634026926	3.429162812979345e-85
15	ENSG00000103184	9717	1.40248133349952	0.0691550209109114	22.670746634026926	3.429162812979345e-85
15	ENSG00000105507	56344	1.13404783396125	0.0936053147160332	22.670746634026926	3.429162812979345e-85
15	ENSG00000105664	1311	1.88969588651917	0.130032779782178	22.670746634026926	3.429162812979345e-85
15	ENSG00000106341	10842	1.86725352359374	0.248197121301592	22.670746634026926	3.429162812979345e-85
15	ENSG00000118972	8074	1.55900588612783	NA	22.670746634026926	3.429162812979345e-85
15	ENSG00000120279	80177	1.22954825054528	0.111697213879199	22.670746634026926	3.429162812979345e-85
15	ENSG00000124302	64377	1.65269055671532	0.0707853642029389	22.670746634026926	3.429162812979345e-85
15	ENSG00000124657	26212	1.78748928106845	0.293383534629125	22.670746634026926	3.429162812979345e-85
15	ENSG00000133069	9911	1.0264789850724	0.166450896672903	22.670746634026926	3.429162812979345e-85
15	ENSG00000134343	63982	1.55141912429048	NA	22.670746634026926	3.429162812979345e-85
15	ENSG00000142748	8547	1.97295712384283	NA	22.670746634026926	3.429162812979345e-85
15	ENSG00000143536	49860	1.65989114932284	NA	22.670746634026926	3.429162812979345e-85
15	ENSG00000146839	7455	1.52981496075389	NA	22.670746634026926	3.429162812979345e-85
15	ENSG00000148136	138804	2.05686585222748	NA	22.670746634026926	3.429162812979345e-85
15	ENSG00000160505	147945	2.41561845627094	0.139599219887339	22.670746634026926	3.429162812979345e-85
15	ENSG00000163092	129446	1.53614354017055	0.120494314260399	22.670746634026926	3.429162812979345e-85
15	ENSG00000163554	6708	1.50534835289308	0.253016468596722	22.670746634026926	3.429162812979345e-85
15	ENSG00000163646	7401	1.39129100112492	NA	22.670746634026926	3.429162812979345e-85
15	ENSG00000163815	7123	1.02006770718801	0.448271610048193	22.670746634026926	3.429162812979345e-85
15	ENSG00000168131	81697	1.48156221865531	0.358589360264948	22.670746634026926	3.429162812979345e-85
15	ENSG00000170953	219858	1.65393430344078	NA	22.670746634026926	3.429162812979345e-85
15	ENSG00000171944	390054	1.51293834365279	NA	22.670746634026926	3.429162812979345e-85
15	ENSG00000174788	126006	1.08480268352395	0.205629244955831	22.670746634026926	3.429162812979345e-85
15	ENSG00000176009	56676	1.50670368083994	NA	22.670746634026926	3.429162812979345e-85
15	ENSG00000176540	79346	1.11940863045052	NA	22.670746634026926	3.429162812979345e-85
15	ENSG00000179709	126205	2.25588619021494	NA	22.670746634026926	3.429162812979345e-85
15	ENSG00000183476	646892	2.53867307592551	NA	22.670746634026926	3.429162812979345e-85
15	ENSG00000185291	3563	1.33918675328271	0.05879256479836	22.670746634026926	3.429162812979345e-85
15	ENSG00000186788	389762	3.32862512621974	NA	22.670746634026926	3.429162812979345e-85
15	ENSG00000187010	6007	1.03377790464506	0.0595617133381642	22.670746634026926	3.429162812979345e-85
15	ENSG00000188076	147199	1.86152705760041	0.130063574715356	22.670746634026926	3.429162812979345e-85
15	ENSG00000188120	1617	1.61421031207684	NA	22.670746634026926	3.429162812979345e-85
15	ENSG00000196171	81448	1.33120176780911	NA	22.670746634026926	3.429162812979345e-85
15	ENSG00000197360	148198	1.78683261477424	NA	22.670746634026926	3.429162812979345e-85
15	ENSG00000197915	388697	1.85048361726312	0.177408778910267	22.670746634026926	3.429162812979345e-85
15	ENSG00000198271	85289	1.55358897556897	NA	22.670746634026926	3.429162812979345e-85
15	ENSG00000198829	56670	1.1445375918013	0.083158385532943	22.670746634026926	3.429162812979345e-85
15	ENSG00000203786	448834	1.24688647124217	NA	22.670746634026926	3.429162812979345e-85
15	ENSG00000204001	138307	1.10420778027409	0.331623360989861	22.670746634026926	3.429162812979345e-85
15	ENSG00000204323	643008	1.29308113274484	0.10034520531208	22.670746634026926	3.429162812979345e-85
15	ENSG00000204872	51471	1.57991072607724	0.12943733907013	22.670746634026926	3.429162812979345e-85
15	ENSG00000205022	390748	1.83224309089044	NA	22.670746634026926	3.429162812979345e-85
15	ENSG00000206356	100652833	1.6381688134488	NA	22.670746634026926	3.429162812979345e-85
15	ENSG00000212938	337968	1.37804495309345	NA	22.670746634026926	3.429162812979345e-85
15	ENSG00000213973	7652	1.42089404594027	0.250189821636021	22.670746634026926	3.429162812979345e-85
15	ENSG00000214511	613227	1.4609988561037	NA	22.670746634026926	3.429162812979345e-85
15	ENSG00000228090	80739	2.02732999341839	0.623892871051545	22.670746634026926	3.429162812979345e-85
15	ENSG00000228964	3106	2.60251282965708	NA	22.670746634026926	3.429162812979345e-85
15	ENSG00000229391	3128	1.12567284376331	0.544723594074188	22.670746634026926	3.429162812979345e-85
15	ENSG00000232125	391475	1.01519712655644	0.300279568186924	22.670746634026926	3.429162812979345e-85
15	ENSG00000233136	100287178	3.42344369713153	0.202194153677845	22.670746634026926	3.429162812979345e-85
15	ENSG00000236980	646498	2.13679400515533	NA	22.670746634026926	3.429162812979345e-85
15	ENSG00000237353	399968	1.00554627462988	0.279434272906634	22.670746634026926	3.429162812979345e-85
15	ENSG00000240632	347127	2.05252157061104	NA	22.670746634026926	3.429162812979345e-85
15	ENSG00000243709	10637	1.31052964245721	0.273406570070015	22.670746634026926	3.429162812979345e-85
15	ENSG00000256977	96626	1.39625480569505	0.4383896527941	22.670746634026926	3.429162812979345e-85
15	ENSG00000261272	100507679	2.46000206029407	0.100092788729934	22.670746634026926	3.429162812979345e-85
15	ENSG00000267909	56936	2.65963521235761	NA	22.670746634026926	3.429162812979345e-85
15	ENSG00000273540	123624	1.55723982127907	NA	22.670746634026926	3.429162812979345e-85
15	ENSG00000276240	26687	2.44551230062254	NA	22.670746634026926	3.429162812979345e-85
15	ENSG00000276950	25774	1.33465595060647	NA	22.670746634026926	3.429162812979345e-85
15	ENSG00000277075	3012	1.19659189236553	0.0974750711060661	22.670746634026926	3.429162812979345e-85
15	ENSG00000277422	100288527	2.1005008056405	0.328677032494074	22.670746634026926	3.429162812979345e-85
15	ENSG00000277730	653486	1.15814138829681	0.259193614216569	22.670746634026926	3.429162812979345e-85
15	ENSG00000278805	3802	1.91712302442148	0.765914747664244	22.670746634026926	3.429162812979345e-85
15	ENSG00000279486	144125	1.38167721330204	NA	22.670746634026926	3.429162812979345e-85
15	ENSG00000280021	256892	1.57624826653375	NA	22.670746634026926	3.429162812979345e-85
15	ENSG00000284723	341568	1.2233468856485	NA	22.670746634026926	3.429162812979345e-85
24	ENSG00000104327	793	1.17255968146315	0.0786564522265837	1.30003275466754	0.49758160499571386
24	ENSG00000112183	221662	1.14401462062908	NA	1.30003275466754	0.49758160499571386
24	ENSG00000126778	6495	2.32213739429066	NA	1.30003275466754	0.49758160499571386
24	ENSG00000137693	10413	1.71163884917958	NA	1.30003275466754	0.49758160499571386
24	ENSG00000138944	85352	1.05549346953997	NA	1.30003275466754	0.49758160499571386
24	ENSG00000171388	8862	1.3744587182001	NA	1.30003275466754	0.49758160499571386
24	ENSG00000176490	148252	1.42194270535996	0.114272108467912	1.30003275466754	0.49758160499571386
24	ENSG00000228875	1460	-2.28570012046447	0.390937905814765	1.30003275466754	0.49758160499571386
28	ENSG00000091622	83394	1.36501553759064	0.227685138634882	1.0429641308632243	0.7137265566759353
28	ENSG00000115297	3196	1.19587936998717	NA	1.0429641308632243	0.7137265566759353
28	ENSG00000130675	3110	1.35641819426116	NA	1.0429641308632243	0.7137265566759353
28	ENSG00000135443	3891	1.50363241279261	NA	1.0429641308632243	0.7137265566759353
28	ENSG00000140254	90527	2.56942194792805	NA	1.0429641308632243	0.7137265566759353
28	ENSG00000163491	152110	1.04161341733785	0.334456982474325	1.0429641308632243	0.7137265566759353
28	ENSG00000165757	57608	1.20406457222049	0.257807923426612	1.0429641308632243	0.7137265566759353
28	ENSG00000166455	123775	-1.95914775360193	NA	1.0429641308632243	0.7137265566759353
28	ENSG00000206280	9278	-5.2027501182797	0.321414932981766	1.0429641308632243	0.7137265566759353
28	ENSG00000224748	6890	2.96706872549322	NA	1.0429641308632243	0.7137265566759353
28	ENSG00000227222	8449	-1.42126565057222	0.62893291848303	1.0429641308632243	0.7137265566759353
28	ENSG00000274042	647042	1.1530303076457	NA	1.0429641308632243	0.7137265566759353
28	ENSG00000282003	10426	-1.51904639107799	NA	1.0429641308632243	0.7137265566759353
28	ENSG00000284505	111188157	-1.19173538217607	NA	1.0429641308632243	0.7137265566759353
29	ENSG00000049247	10911	-1.56442144630092	0.224449061554293	1.5778175313059033	0.43893659413938985
29	ENSG00000101200	551	2.18667740284804	NA	1.5778175313059033	0.43893659413938985
29	ENSG00000102794	730249	1.37817865034255	NA	1.5778175313059033	0.43893659413938985
29	ENSG00000105509	3036	1.17687006762642	0.372867473358554	1.5778175313059033	0.43893659413938985
29	ENSG00000163518	83417	1.99185125630766	0.102098918003273	1.5778175313059033	0.43893659413938985
29	ENSG00000179002	80834	1.16790302488371	NA	1.5778175313059033	0.43893659413938985
29	ENSG00000206286	6293	-1.18870206947065	0.711914985534904	1.5778175313059033	0.43893659413938985
29	ENSG00000206346	1797	-3.19859043541108	NA	1.5778175313059033	0.43893659413938985
29	ENSG00000212866	3304	-5.06158106282158	0.110999914604793	1.5778175313059033	0.43893659413938985
29	ENSG00000230230	7726	1.04124892498844	NA	1.5778175313059033	0.43893659413938985
29	ENSG00000232810	7124	-1.01353741949784	0.38207179780585	1.5778175313059033	0.43893659413938985
29	ENSG00000233490	63940	-2.11050858323235	0.646393579412765	1.5778175313059033	0.43893659413938985
29	ENSG00000274084	3904	-1.06512128992359	0.525435352094529	1.5778175313059033	0.43893659413938985
29	ENSG00000274146	3811	3.68359626440548	NA	1.5778175313059033	0.43893659413938985
29	ENSG00000275313	9560	-1.34630399411347	0.161377338475971	1.5778175313059033	0.43893659413938985
29	ENSG00000276977	5133	1.25467432643926	0.664239959523091	1.5778175313059033	0.43893659413938985
29	ENSG00000277768	6349	-1.47473094027928	0.0578650440118913	1.5778175313059033	0.43893659413938985
29	ENSG00000277865	440243	1.92709008680047	NA	1.5778175313059033	0.43893659413938985
32	ENSG00000108602	218	1.76536122651043	NA	2.237632135306554	0.10014245071223146
32	ENSG00000135454	2583	1.30614364666967	NA	2.237632135306554	0.10014245071223146
32	ENSG00000206478	8870	-1.65919765881558	NA	2.237632135306554	0.10014245071223146
33	ENSG00000001617	6405	1.21224168932781	0.308482994261355	1.161035541904344	0.6878162787025536
33	ENSG00000109705	579	1.94924396088999	NA	1.161035541904344	0.6878162787025536
33	ENSG00000119636	80127	1.02673790401119	0.132019657513369	1.161035541904344	0.6878162787025536
33	ENSG00000137310	6941	-1.20205428252894	NA	1.161035541904344	0.6878162787025536
33	ENSG00000152208	2895	1.18934250035091	NA	1.161035541904344	0.6878162787025536
33	ENSG00000181240	284427	1.30599691736197	NA	1.161035541904344	0.6878162787025536
33	ENSG00000223618	6293	-1.45001122217988	0.792686952325859	1.161035541904344	0.6878162787025536
33	ENSG00000274276	102724560	2.63132586268534	0.127389028229025	1.161035541904344	0.6878162787025536
33	ENSG00000282735	9710	2.35231759343396	0.578816985155791	1.161035541904344	0.6878162787025536
36	ENSG00000126583	5582	2.50372687162264	NA	1.2431289640591967	0.673534429134337
36	ENSG00000143816	7483	1.06532717933302	NA	1.2431289640591967	0.673534429134337
36	ENSG00000174938	26470	1.04668663653167	NA	1.2431289640591967	0.673534429134337
36	ENSG00000174939	253982	1.36719373272369	NA	1.2431289640591967	0.673534429134337
36	ENSG00000176532	222171	1.68183345748132	NA	1.2431289640591967	0.673534429134337
36	ENSG00000239887	400793	-1.54311035865318	0.260206106801256	1.2431289640591967	0.673534429134337
36	ENSG00000258947	10381	1.52232111497338	0.0648433090161869	1.2431289640591967	0.673534429134337
36	ENSG00000273889	286077	2.4603604185338	NA	1.2431289640591967	0.673534429134337
37	ENSG00000167768	3848	1.53640230533324	0.328185740303612	1.9849962490622655	0.18660701612656327
37	ENSG00000197587	127343	1.03211951330711	NA	1.9849962490622655	0.18660701612656327
41	ENSG00000070748	1103	2.00146578145529	NA	2.6372093023255814	0.10175514657333383
41	ENSG00000128610	389549	2.62053029083486	NA	2.6372093023255814	0.10175514657333383
41	ENSG00000149635	128506	1.22241906704643	NA	2.6372093023255814	0.10175514657333383
41	ENSG00000156009	4107	3.04660390834336	NA	2.6372093023255814	0.10175514657333383
41	ENSG00000163958	131540	2.02138707690128	0.119486555431294	2.6372093023255814	0.10175514657333383
41	ENSG00000164256	56979	1.87704507170144	NA	2.6372093023255814	0.10175514657333383
41	ENSG00000172551	118430	1.24373528342562	NA	2.6372093023255814	0.10175514657333383
41	ENSG00000172772	81341	1.86894163736503	NA	2.6372093023255814	0.10175514657333383
41	ENSG00000173262	144195	1.77116100743464	0.362754660105976	2.6372093023255814	0.10175514657333383
41	ENSG00000177143	1068	1.14697893902425	NA	2.6372093023255814	0.10175514657333383
41	ENSG00000179695	341416	3.48672833442394	NA	2.6372093023255814	0.10175514657333383
41	ENSG00000179817	117196	1.7375487989903	NA	2.6372093023255814	0.10175514657333383
41	ENSG00000180053	137814	1.3566430240657	NA	2.6372093023255814	0.10175514657333383
41	ENSG00000184601	400258	1.59715320734739	NA	2.6372093023255814	0.10175514657333383
41	ENSG00000188937	60506	1.42043522659757	NA	2.6372093023255814	0.10175514657333383
41	ENSG00000197437	441933	1.27219783040119	NA	2.6372093023255814	0.10175514657333383
41	ENSG00000197921	388585	1.14697893902425	NA	2.6372093023255814	0.10175514657333383
41	ENSG00000205327	403284	3.29386176620779	NA	2.6372093023255814	0.10175514657333383
41	ENSG00000213416	83755	1.63060597719398	NA	2.6372093023255814	0.10175514657333383
41	ENSG00000215454	386672	2.09851160342147	NA	2.6372093023255814	0.10175514657333383
41	ENSG00000215811	100129094	1.98928304441008	NA	2.6372093023255814	0.10175514657333383
41	ENSG00000229185	7932	1.14697893902425	NA	2.6372093023255814	0.10175514657333383
41	ENSG00000234186	162083	1.17959984603419	NA	2.6372093023255814	0.10175514657333383
41	ENSG00000250641	110599563	3.70817491004037	0.0728609618103243	2.6372093023255814	0.10175514657333383
41	ENSG00000267728	81870	1.14697893902425	NA	2.6372093023255814	0.10175514657333383
41	ENSG00000269332	440518	1.85990432355692	NA	2.6372093023255814	0.10175514657333383
41	ENSG00000274273	374868	1.53330569956461	NA	2.6372093023255814	0.10175514657333383
41	ENSG00000277571	1991	1.64080407295986	0.763822546553439	2.6372093023255814	0.10175514657333383
41	ENSG00000278279	11006	2.10554601423563	0.245067314355332	2.6372093023255814	0.10175514657333383
41	ENSG00000278624	566	2.11351437410926	0.399490797934026	2.6372093023255814	0.10175514657333383
41	ENSG00000278839	8293	2.0827160868646	NA	2.6372093023255814	0.10175514657333383
41	ENSG00000283488	645382	1.14697893902425	NA	2.6372093023255814	0.10175514657333383
41	ENSG00000285818	100131107	1.76114548956076	NA	2.6372093023255814	0.10175514657333383
51	ENSG00000143107	163479	1.19672550329625	NA	1.3674418604651162	0.5162383465212191
51	ENSG00000149452	9376	2.11877695861772	NA	1.3674418604651162	0.5162383465212191
51	ENSG00000171496	138881	1.03519925144358	NA	1.3674418604651162	0.5162383465212191
51	ENSG00000186458	400830	1.39245155619002	NA	1.3674418604651162	0.5162383465212191
51	ENSG00000204962	56140	1.94596477594995	NA	1.3674418604651162	0.5162383465212191
51	ENSG00000214929	389763	2.15056132551936	NA	1.3674418604651162	0.5162383465212191
51	ENSG00000223601	340900	1.94343325398303	NA	1.3674418604651162	0.5162383465212191
51	ENSG00000230985	57176	1.69892235502328	0.792805777585394	1.3674418604651162	0.5162383465212191
51	ENSG00000258817	283092	-1.25094879144044	NA	1.3674418604651162	0.5162383465212191
51	ENSG00000275095	6360	1.69448439926064	0.202194153677845	1.3674418604651162	0.5162383465212191
52	ENSG00000108700	6355	-1.12841549527716	NA	2.7970401691331923	0.15610205947969694
52	ENSG00000115155	9381	-1.01672643082356	0.434319977252348	2.7970401691331923	0.15610205947969694
52	ENSG00000163666	8820	-2.35590440685716	0.098341596056766	2.7970401691331923	0.15610205947969694
52	ENSG00000164825	1672	-1.02043993560329	NA	2.7970401691331923	0.15610205947969694
52	ENSG00000165949	3429	-2.1376604794088	0.111943300527039	2.7970401691331923	0.15610205947969694
52	ENSG00000188282	285180	-1.25101386702488	0.179275586720621	2.7970401691331923	0.15610205947969694
52	ENSG00000205439	386683	1.3350838415442	NA	2.7970401691331923	0.15610205947969694
52	ENSG00000230341	170954	-2.07823129475024	NA	2.7970401691331923	0.15610205947969694
52	ENSG00000273535	9437	-3.81307198823066	0.241070744940136	2.7970401691331923	0.15610205947969694
52	ENSG00000273735	3812	1.44802133666741	NA	2.7970401691331923	0.15610205947969694
52	ENSG00000274406	3809	-1.84889886459043	0.778068640395636	2.7970401691331923	0.15610205947969694
52	ENSG00000275623	3804	-3.04953188310448	0.365919070771676	2.7970401691331923	0.15610205947969694
52	ENSG00000276004	3812	-2.17476397121757	NA	2.7970401691331923	0.15610205947969694
52	ENSG00000276218	3804	-5.54773823926249	0.224955274417952	2.7970401691331923	0.15610205947969694
52	ENSG00000276625	3802	2.77901136016048	NA	2.7970401691331923	0.15610205947969694
52	ENSG00000282741	400736	1.50301333161145	NA	2.7970401691331923	0.15610205947969694
53	ENSG00000013306	51629	1.10548974090324	0.0873395696555743	4.293131422390481	0.03123842388307443
53	ENSG00000029534	286	1.43909184943965	0.0652366412435301	4.293131422390481	0.03123842388307443
53	ENSG00000079308	7145	1.36649928774545	0.166849571411039	4.293131422390481	0.03123842388307443
53	ENSG00000100448	1511	1.34963214069198	0.379195686516123	4.293131422390481	0.03123842388307443
53	ENSG00000133742	759	1.36230184454244	0.499665660660528	4.293131422390481	0.03123842388307443
53	ENSG00000143416	8991	1.57930427148448	0.43896830374587	4.293131422390481	0.03123842388307443
53	ENSG00000145335	6622	1.18429294226892	0.203184369676388	4.293131422390481	0.03123842388307443
53	ENSG00000158578	212	1.52058394911944	0.509542701354015	4.293131422390481	0.03123842388307443
53	ENSG00000162722	25893	1.29704659432422	0.0926766798908385	4.293131422390481	0.03123842388307443
53	ENSG00000166947	2038	1.81414503135105	0.38720042043095	4.293131422390481	0.03123842388307443
53	ENSG00000169877	51327	1.60178308692096	0.463848923607402	4.293131422390481	0.03123842388307443
53	ENSG00000179142	1585	1.14241344665867	NA	4.293131422390481	0.03123842388307443
53	ENSG00000184792	23762	1.26739629937812	0.284496921502266	4.293131422390481	0.03123842388307443
53	ENSG00000186226	353135	1.65472090059924	NA	4.293131422390481	0.03123842388307443
53	ENSG00000188536	3040	1.88676175118028	0.38207179780585	4.293131422390481	0.03123842388307443
53	ENSG00000204010	439996	1.88711822516219	0.340300626209312	4.293131422390481	0.03123842388307443
53	ENSG00000204613	10107	1.17705595064753	0.61634237866459	4.293131422390481	0.03123842388307443
53	ENSG00000206172	3039	1.25404702000179	0.509555319725727	4.293131422390481	0.03123842388307443
53	ENSG00000206177	3042	1.5224050214867	0.490680088899191	4.293131422390481	0.03123842388307443
53	ENSG00000206396	80739	2.39073559225814	0.491129095516264	4.293131422390481	0.03123842388307443
53	ENSG00000223609	3045	1.3915874658539	0.475251628497921	4.293131422390481	0.03123842388307443
53	ENSG00000229314	5004	1.91652851059666	0.277012455418175	4.293131422390481	0.03123842388307443
53	ENSG00000238243	343171	1.31522093767199	0.210515882027588	4.293131422390481	0.03123842388307443
53	ENSG00000238269	389860	1.01203132297961	NA	4.293131422390481	0.03123842388307443
53	ENSG00000244734	3043	1.62883534771492	0.419193782261964	4.293131422390481	0.03123842388307443
53	ENSG00000250361	2994	1.37412572814961	0.474634096235741	4.293131422390481	0.03123842388307443
53	ENSG00000274580	2204	-2.16960953667287	0.623255815171746	4.293131422390481	0.03123842388307443
54	ENSG00000079337	10411	-1.00091389841848	0.205629244955831	2.9302325581395348	0.14496515925350942
54	ENSG00000145864	2561	1.23082232385015	0.473052398841	2.9302325581395348	0.14496515925350942
54	ENSG00000164556	340286	-1.78753615394974	NA	2.9302325581395348	0.14496515925350942
54	ENSG00000216306	160313	-1.01689912095063	NA	2.9302325581395348	0.14496515925350942
54	ENSG00000236444	171222	-1.6041582423292	NA	2.9302325581395348	0.14496515925350942
54	ENSG00000237192	10107	-1.02936865845815	NA	2.9302325581395348	0.14496515925350942
54	ENSG00000237703	10107	-1.39132740418414	NA	2.9302325581395348	0.14496515925350942
54	ENSG00000239329	3109	-5.60707160663347	0.143498195172497	2.9302325581395348	0.14496515925350942
54	ENSG00000262543	110806279	-1.21961665159319	NA	2.9302325581395348	0.14496515925350942
54	ENSG00000273518	3811	-4.46194547261764	0.409883926352622	2.9302325581395348	0.14496515925350942
54	ENSG00000276044	3805	-1.78181437998481	NA	2.9302325581395348	0.14496515925350942
54	ENSG00000276424	3812	-4.62466183323985	0.390449691685477	2.9302325581395348	0.14496515925350942
54	ENSG00000284100	3802	-3.30292893927986	0.519646299940006	2.9302325581395348	0.14496515925350942
55	ENSG00000111331	4940	-1.52025794692965	0.0629514285862468	1.500850822461713	0.48395072199186445
55	ENSG00000111335	4939	-1.17684763753068	0.130032779782178	1.500850822461713	0.48395072199186445
55	ENSG00000126709	2537	-1.7788453688606	0.0585531301836978	1.500850822461713	0.48395072199186445
55	ENSG00000149131	710	-1.39984531509643	0.129323561320272	1.500850822461713	0.48395072199186445
55	ENSG00000227715	3105	-2.60352396178948	0.182333915878332	1.500850822461713	0.48395072199186445
62	ENSG00000034971	4653	3.81476686489531	NA	1.7581395348837208	0.4314470756825192
62	ENSG00000126890	30848	4.71468366280166	0.222691143478069	1.7581395348837208	0.4314470756825192
62	ENSG00000164850	2852	1.31475844565216	0.197560237231337	1.7581395348837208	0.4314470756825192
62	ENSG00000166368	120776	2.00387403206773	NA	1.7581395348837208	0.4314470756825192
62	ENSG00000173699	130560	2.22641906355329	NA	1.7581395348837208	0.4314470756825192
62	ENSG00000185176	653437	1.38706264100613	NA	1.7581395348837208	0.4314470756825192
62	ENSG00000206402	58530	1.14697893902425	NA	1.7581395348837208	0.4314470756825192
62	ENSG00000229381	10107	1.25265770124755	NA	1.7581395348837208	0.4314470756825192
62	ENSG00000233931	135644	1.14697893902425	NA	1.7581395348837208	0.4314470756825192
62	ENSG00000236399	135644	1.14697893902425	NA	1.7581395348837208	0.4314470756825192
62	ENSG00000239285	58496	6.72782037916625	0.171810920465865	1.7581395348837208	0.4314470756825192
62	ENSG00000258880	110599563	1.14697893902425	NA	1.7581395348837208	0.4314470756825192
62	ENSG00000276604	441864	2.44013473288452	0.141964941828527	1.7581395348837208	0.4314470756825192
62	ENSG00000277076	3805	5.31160999663904	0.301877886511163	1.7581395348837208	0.4314470756825192
62	ENSG00000277414	10990	1.04518551503465	0.179851641046239	1.7581395348837208	0.4314470756825192
62	ENSG00000277484	3804	3.77915377377527	0.43787910211559	1.7581395348837208	0.4314470756825192
62	ENSG00000281879	28	1.99268905700884	NA	1.7581395348837208	0.4314470756825192
69	ENSG00000119917	3437	-1.34796862232706	0.113448360920467	4.558139534883721	0.06886072001910651
69	ENSG00000137965	10561	-1.28750429529606	0.0563902678542368	4.558139534883721	0.06886072001910651
69	ENSG00000157601	4599	-1.08450104776738	0.143476145470225	4.558139534883721	0.06886072001910651
72	ENSG00000123500	1300	1.15988081941574	0.250189716587481	2.563953488372093	0.3209741842309095
72	ENSG00000166796	3948	1.05991985435168	0.604375572090582	2.563953488372093	0.3209741842309095
72	ENSG00000173626	100128327	1.11119845240658	0.0819562375759054	2.563953488372093	0.3209741842309095
72	ENSG00000204710	387778	1.01883718678209	0.611024982772096	2.563953488372093	0.3209741842309095
72	ENSG00000205126	390110	1.16069720800933	0.365919070771676	2.563953488372093	0.3209741842309095
72	ENSG00000224379	6941	-3.64225589278972	0.510997766705048	2.563953488372093	0.3209741842309095
72	ENSG00000228080	3123	1.00170231588722	0.651582224622681	2.563953488372093	0.3209741842309095
72	ENSG00000236177	3113	5.71570048683596	0.258909924618609	2.563953488372093	0.3209741842309095
72	ENSG00000236884	3123	1.23737898935228	0.80047604546634	2.563953488372093	0.3209741842309095
72	ENSG00000276634	3809	1.61541680051412	0.735687453715249	2.563953488372093	0.3209741842309095
72	ENSG00000278461	92259	-2.929058631289	0.535156216452215	2.563953488372093	0.3209741842309095
