baseMean	log2FoldChange	lfcSE	stat	pvalue	padj
ENSG00000002933	119.37187877389	3.49270233858235	0.74757825755388	4.67202236460258	2.98248475071177e-06	8.4858408465747e-05
ENSG00000004799	279.876856920219	1.76613099373135	0.453314187827587	3.89604173254573	9.77775483499745e-05	0.00148177088867029
ENSG00000004809	68.5922770624054	2.03901563396976	0.556428661222046	3.66446909742501	0.000247852161511669	0.0030230683294827
ENSG00000005020	822.431918168318	1.06086811672814	0.205883295993422	5.15276439309593	2.56674363006684e-07	1.13533469642536e-05
ENSG00000005961	2124.91033941789	1.25492309961634	0.405074719422786	3.09800399640972	0.00194828801304195	0.0148572350529794
ENSG00000006282	173.792911228636	-1.19203042052272	0.243127989843998	-4.9028925928585	9.44356255377735e-07	3.39688602019814e-05
ENSG00000007237	744.893118953367	1.47063493021297	0.221071778456215	6.65229610257212	2.88555425040738e-11	5.48985387568469e-09
ENSG00000008394	231.30598322247	1.61749471843068	0.320179207374945	5.05184184723311	4.37569948736478e-07	1.77170950269173e-05
ENSG00000010327	825.209226395148	1.43627806345337	0.305098503729064	4.70758802779586	2.50665046461185e-06	7.3986013993805e-05
ENSG00000012779	2126.61794787525	1.23782751315599	0.195124558660657	6.34378123211392	2.24193132153954e-10	3.1580384929339e-08
ENSG00000012817	668.116444226752	12.0845623418338	1.81897361016382	6.64361608893568	3.06079193363754e-11	5.75392445524648e-09
ENSG00000013588	11.0624783505875	-2.12327309101308	0.710577242801134	-2.98809610429265	0.00280721267016238	0.019214865745355
ENSG00000014257	239.599487104725	1.52778479858593	0.196332818792981	7.78160680409154	7.16091379128743e-15	8.07699926272998e-12
ENSG00000018280	2413.79722292757	1.32526277892486	0.254358178881131	5.21022278408508	1.88614007512712e-07	8.81184554033503e-06
ENSG00000019991	85.5430332372146	1.25004471363673	0.37441236484503	3.3386843785304	0.000841761467326849	0.00787531503226807
ENSG00000030582	13954.9933068304	1.06199373187274	0.279255982418011	3.80293995021052	0.000142989024712276	0.00198238778685825
ENSG00000033327	160.378470537892	1.09493084062581	0.250914802845383	4.36375545886197	1.27848486987338e-05	0.000281177640392347
ENSG00000038427	8834.3147537604	1.98619552630905	0.313220966826084	6.34119595005234	2.2798834031693e-10	3.1580384929339e-08
ENSG00000044115	755.402474444591	1.11711025398412	0.217712510333333	5.13112568622605	2.88014504895288e-07	1.24946072714327e-05
ENSG00000047617	2.46744606139992	3.22171149072501	0.99825435404761	3.22734529297265	0.00124944585343979	0.0106189448179051
ENSG00000049323	206.264605819001	1.51833811883541	0.370765130385264	4.09514809889942	4.21898605991235e-05	0.000750247847658513
ENSG00000050165	14.2777156566745	-1.06281515969797	0.381247604570782	-2.78772940985299	0.00530788579644269	0.0312971666486957
ENSG00000051128	257.487941079558	1.29030620373592	0.197627890914005	6.52896814193793	6.62243339585746e-11	1.16194273059983e-08
ENSG00000058866	116.210264410922	1.56377122735317	0.252730101538629	6.18751473541491	6.11201353019785e-10	7.78345206898018e-08
ENSG00000059377	1375.11906920094	1.18506530313698	0.163318355087438	7.2561672722121	3.98212590507482e-13	1.69950676127125e-10
ENSG00000060982	127.925638517358	1.26296103399143	0.315112556843229	4.00796796752143	6.12434244258209e-05	0.00101585600326485
ENSG00000062282	164.808718543679	1.56453857716421	0.276421756144629	5.65996902337027	1.51400320667607e-08	1.0720907908799e-06
ENSG00000064989	24.573794544386	1.27285394489054	0.405603702177396	3.13817141721709	0.00170005423655745	0.0134160701896446
ENSG00000065833	29.9627724215652	1.4896549341618	0.27962648402732	5.32730273866427	9.96819427217852e-08	5.09858172445191e-06
ENSG00000067048	596.671510616362	12.2821379763988	1.89996269513416	6.46441006860478	1.01694754398359e-10	1.65427105688421e-08
ENSG00000067646	66.3029401003746	8.75082880873576	1.59105804433215	5.50000601166562	3.79778300692591e-08	2.28896150619722e-06
ENSG00000069535	21.6572940907136	3.5665105340258	0.720202162463366	4.95209639724904	7.34182170318918e-07	2.74726792689716e-05
ENSG00000070087	11.2846745997286	-1.03632484633121	0.315307609179931	-3.28671055236041	0.00101364964195345	0.00904324378309999
ENSG00000070371	51.687308968874	1.4330027396311	0.364896559030953	3.92714785646839	8.59591420820707e-05	0.00133597595398462
ENSG00000070614	232.946525941026	1.1158738884782	0.210590509964985	5.29878525230663	1.1657564400019e-07	5.88129710673162e-06
ENSG00000071246	178.769922052914	1.11834824328513	0.294549365130005	3.79681091076713	0.00014656950287893	0.00201438392683829
ENSG00000071967	208.264399906793	1.46425623397619	0.271231485675759	5.39854814542665	6.7182340327274e-08	3.67085237407607e-06
ENSG00000072195	15.9598070643677	-1.4614829966056	0.393969110991642	-3.70963853721162	0.000207555361074818	0.00263253550741562
ENSG00000072682	7.22375949747381	1.23210330128282	0.370410310068174	3.32632021245858	0.000880007696652594	0.00816943065128813
ENSG00000072840	8.28789248763204	1.70257299586534	0.427902886948095	3.97887709524114	6.92415212680241e-05	0.00112488977607343
ENSG00000072952	73.3780645899029	1.87820915461009	0.409138373504586	4.5906453078986	4.41877700565902e-06	0.000116937140387513
ENSG00000073008	110.066069605571	1.04981747449989	0.178128513420145	5.89359588952342	3.77880649391944e-09	3.59464658707722e-07
ENSG00000074181	11.1175830653811	1.3111316216093	0.41892147766403	3.1297789478839	0.00174937890791493	0.0136686998193393
ENSG00000074527	11.0350526919566	-1.27899169697052	0.336819096694291	-3.79726597904684	0.000146300785272209	0.00201415492609717
ENSG00000075223	54.6468170451246	1.3696756476038	0.303796559716606	4.50852915807041	6.52785987590094e-06	0.000161569647806194
ENSG00000075275	48.9571593100007	1.63738454153442	0.514450028674338	3.18278637432234	0.0014586519048592	0.0119355663184089
ENSG00000075651	58.4257832183162	1.15782393070987	0.317023784732894	3.65216739710994	0.000260036279481996	0.00313692352123774
ENSG00000076356	51.2288719252795	1.14604381093043	0.207596266651612	5.52054152714468	3.37956509663985e-08	2.08222804904168e-06
ENSG00000078053	22.295256250606	2.26143240261298	0.590911783026674	3.82702201507954	0.000129702918552565	0.00184427966609373
ENSG00000078081	53.4303516198027	-2.20816261414233	0.493504887806177	-4.47444932908057	7.66084905872046e-06	0.000183014322974667
ENSG00000079215	37.7309344165295	2.20772919643403	0.653589729428078	3.37785172720798	0.00073054459992754	0.00708166346068495
ENSG00000082014	437.254802465153	1.05190104162921	0.162134224646433	6.48784082400306	8.70752013141041e-11	1.478499466614e-08
ENSG00000084110	127.770077866979	1.78671394961674	0.37365412000072	4.78173223304296	1.73791074923059e-06	5.53293319377021e-05
ENSG00000084234	5949.1953625975	1.28691522444661	0.253423104407035	5.07812903427951	3.81169799385374e-07	1.56746153700376e-05
ENSG00000086289	36.9867949937109	1.11478391815568	0.314924000122132	3.53985062339916	0.000400353566904102	0.00442715908612233
ENSG00000087116	211.419294013033	7.44633816035092	0.974608171876684	7.64034036982515	2.16648246444678e-14	2.01240732918112e-11
ENSG00000087237	17.2902306450795	1.29001875370648	0.38571909610124	3.34445135526267	0.000824454864596974	0.00776796491980879
ENSG00000087253	296.181453002774	1.1663838583345	0.203838322595854	5.72210290724906	1.05213543589304e-08	7.94941180296027e-07
ENSG00000089169	64.7294520932994	1.54859837680726	0.43588173013984	3.55279487467951	0.000381161557861697	0.00425666347962805
ENSG00000089692	285.343817230096	-1.12901397480792	0.267630961078365	-4.21854769813923	2.45880959547352e-05	0.000476990937618211
ENSG00000090104	945.414619189386	-1.30142073877274	0.427373462623284	-3.04516038685328	0.00232556256668402	0.0168068459910789
ENSG00000090376	444.723986050235	1.45624693331456	0.289891011070693	5.0234290740372	5.07569743997485e-07	1.96929578070376e-05
ENSG00000090382	17802.2393343559	1.12369509727341	0.293553508515431	3.82790552549073	0.000129238341238778	0.00184021879756676
ENSG00000091106	226.743918506828	1.17802122271244	0.435854747141465	2.70278396745347	0.00687614211994645	0.0380452558570688
ENSG00000091129	6.58287163386034	-2.7615520535325	0.645231159605322	-4.27994217641582	1.86941876771209e-05	0.000380903119496021
ENSG00000091181	12.2515245603	-1.39382182796402	0.421196447114912	-3.30919654596173	0.000935641298542044	0.00854523524885912
ENSG00000091262	22.6840276982735	1.58514963007046	0.35181800229347	4.50559556286776	6.61870437763205e-06	0.00016279744677132
ENSG00000093134	106.101296479349	2.3192199617977	0.333495885841605	6.95426858398854	3.54395861575702e-12	1.02007461469317e-09
ENSG00000095383	365.510272344321	1.35355087539808	0.323427947861892	4.18501519224327	2.85147029845578e-05	0.000538607266542049
ENSG00000095794	246.72555039434	-1.63230432352803	0.328236146663934	-4.97295724470976	6.59392078404681e-07	2.48507405968695e-05
ENSG00000095970	2.23706908875805	2.01646803628352	0.783470592705476	2.5737635273843	0.0100599003686308	0.0499232830675832
ENSG00000096060	2893.60466436745	1.14519665364513	0.39078521516322	2.93050148575046	0.00338415375363492	0.0222107946482332
ENSG00000096654	107.011208413998	-1.00947044877115	0.269804388235257	-3.74149010464179	0.000182932381634473	0.002385371790578
ENSG00000099194	132.68251431729	1.00343731082925	0.263895153881606	3.80240901005495	0.000143295901645133	0.00198489963410377
ENSG00000099725	127.397849530626	6.29800782375795	1.09474634712408	5.75293796622653	8.77056754318309e-09	6.85623921160417e-07
ENSG00000100031	111.458198566256	1.1171063459491	0.267141964773872	4.18169547751399	2.89343335455509e-05	0.000545880598587568
ENSG00000100079	479.050435433496	1.44632622441756	0.301548138496126	4.79633610617078	1.61594054900961e-06	5.2054894718582e-05
ENSG00000100292	945.475614595027	1.03440337674749	0.163477564204015	6.32749442887826	2.49173964935878e-10	3.42148354808908e-08
ENSG00000100311	21.9054655087681	-1.11705272775676	0.297983144646231	-3.74871111949282	0.000177745677607909	0.0023353935070194
ENSG00000100504	668.863311104399	1.52241033754179	0.252085726143219	6.03925641024534	1.54826047804567e-09	1.69771707579439e-07
ENSG00000101187	98.0351686225638	1.19396794597519	0.320212918603204	3.72866888438911	0.000192493883786736	0.00247328797304829
ENSG00000101188	22.6245513171863	1.61383617582358	0.519443451597521	3.10685633029026	0.00189088270528794	0.0145157650944103
ENSG00000101265	2014.25665441934	1.33222263198908	0.188429975291073	7.07012050461271	1.54799211764356e-12	5.09257156868947e-10
ENSG00000101335	279.573233811393	1.69662658951157	0.444384479434487	3.81792494569264	0.000134578851316069	0.00189322466766626
ENSG00000101336	3243.19548255966	1.01781280232248	0.201982225668306	5.03912064021871	4.67675634882064e-07	1.86491564404613e-05
ENSG00000101493	357.264089833623	1.0087744935763	0.219636327843981	4.5929309758488	4.37063655910136e-06	0.000115994490596251
ENSG00000101665	235.60565046984	-1.19714400152502	0.390613656856735	-3.06477764028637	0.00217831884931821	0.0160587455413557
ENSG00000101916	190.743949121084	1.51472103782072	0.357168513564488	4.24091424718273	2.22611179987412e-05	0.000437097250793879
ENSG00000102048	6.20239756529298	1.57356885806818	0.560554771680665	2.80716343444956	0.00499798771658964	0.0299536828533631
ENSG00000102055	4.60235820646094	-2.88142431136039	1.03413637124311	-2.78630980544346	0.00533118929718767	0.0313888181177817
ENSG00000102109	22.4610403661475	-1.20678473572351	0.341796600036183	-3.53071018142298	0.000414445590453319	0.00456049459035336
ENSG00000102678	6.6030064737428	-1.21030536096517	0.418523172153611	-2.8918479106838	0.00382983294847595	0.0243551983733931
ENSG00000102760	911.987835380505	-1.44803635974183	0.520408956732138	-2.78249699781234	0.00539423643677871	0.0316569605485891
ENSG00000103154	2.49381418134896	2.50664032952122	0.761977588983308	3.28965098942842	0.00100311720948547	0.00896954918175824
ENSG00000103184	30.1407483626814	1.62745348568699	0.479929458419259	3.39102644594337	0.000696313817382131	0.00680575642982093
ENSG00000103196	617.859553413204	2.31669897177593	0.379919387341366	6.09786983493509	1.0749121600546e-09	1.23897357076074e-07
ENSG00000103381	1673.5204032145	1.02739823393905	0.184278252635858	5.57525491610358	2.47167658813811e-08	1.59307122462404e-06
ENSG00000103569	801.887101749726	1.93276073412862	0.367302950289038	5.26203433053747	1.42470155319314e-07	6.92229606968395e-06
ENSG00000104093	619.390105162614	1.10746225516122	0.14957764512362	7.40392893768277	1.32213194066684e-13	7.73251313891483e-11
ENSG00000104808	3.32663749444509	-1.58369648329757	0.521069055761657	-3.03932169025591	0.00237111517890543	0.0170502184836501
ENSG00000104918	314.077453670701	3.52030382800741	0.607227431839911	5.79733991486654	6.73750430624168e-09	5.75091516215472e-07
ENSG00000104951	45.0330154129862	-1.02689502875671	0.277394509395282	-3.7019299011914	0.000213965739935757	0.00269651476402677
ENSG00000104974	716.182463093147	1.35509473444918	0.318307101401742	4.25719290735801	2.07009724307804e-05	0.000414308055328839
ENSG00000105048	126.919383160365	1.55351701517172	0.366291231101886	4.2412072232753	2.22320755962344e-05	0.000437097250793879
ENSG00000105352	122.090513795532	1.08150463835979	0.388791611565536	2.78170774828429	0.00540737096552392	0.0316992506701893
ENSG00000105514	514.150619400568	1.28106921428524	0.178088486294566	7.19344209690399	6.31779528960214e-13	2.49410763545269e-10
ENSG00000105520	366.229819521471	1.0531518318748	0.180901637907655	5.82168212546756	5.82582738649821e-09	5.08263205857422e-07
ENSG00000105708	90.7569141188445	-1.31331777259545	0.336498747359729	-3.90289052455661	9.50507015200789e-05	0.00145299673543424
ENSG00000105928	16.2198234407329	1.28094652730994	0.401796190209475	3.18805045573508	0.00143235540335171	0.0117803771741286
ENSG00000106004	9.81640244423712	1.50453788095405	0.465716378349551	3.23058829557588	0.00123535741618938	0.0105161881180843
ENSG00000106066	2774.57271332392	1.27928223075734	0.221718837119585	5.76984007032001	7.93468001456418e-09	6.40463667812071e-07
ENSG00000106070	101.024583285397	2.13636828303639	0.421393005683503	5.06977632334259	3.98283500772248e-07	1.6167852855256e-05
ENSG00000106565	421.590600801186	2.89563883281511	0.763768320545182	3.79125286415151	0.000149889250971257	0.00205104086835972
ENSG00000106701	25.6284191741896	1.18894007148023	0.25779683967284	4.61192648051492	3.98954110878846e-06	0.000107175820311314
ENSG00000106780	832.472628250648	1.56731770999906	0.259664326761839	6.03593774140791	1.58042182345498e-09	1.69771707579439e-07
ENSG00000107731	5.15284225659712	1.41647098831551	0.539462297631041	2.62570895970989	0.00864687164106605	0.0448121923479074
ENSG00000108239	80.645656452348	1.06692750428032	0.211693018665162	5.03997491749078	4.65592863137434e-07	1.86131060805145e-05
ENSG00000108582	778.117914073809	1.04423569386119	0.205128330371017	5.09064589943513	3.56845874800982e-07	1.47899034356491e-05
ENSG00000108691	66.4837145574452	-3.73112930771036	0.775100806778896	-4.81373425892291	1.48135766392997e-06	4.85313669525273e-05
ENSG00000108700	4.03890935762844	-3.15965609313837	0.919354084211782	-3.4368217288634	0.000588582861624802	0.0060030057805118
ENSG00000108950	182.952148570893	2.41699975265513	0.468181636887331	5.16252574262494	2.43639856554295e-07	1.08681270475957e-05
ENSG00000109272	139.822206770143	1.5289304085636	0.460263992328647	3.32185535702711	0.000894210357192166	0.00824794144300321
ENSG00000109906	503.775243766252	1.13259877428762	0.401511825798722	2.82083540636582	0.00478987718654372	0.028957484935954
ENSG00000109971	6671.95758937579	-1.15801933136358	0.200495647731274	-5.77578288839309	7.65960899759923e-09	6.2988536877325e-07
ENSG00000110203	473.84607268553	1.53945510169398	0.591551964767071	2.60240045403307	0.009257368596044	0.0470496000965983
ENSG00000110315	433.633043229079	1.06744902866164	0.173192436727638	6.1633697685096	7.12129495757449e-10	8.78534130273897e-08
ENSG00000110848	3295.56285496868	-1.62909020233022	0.464306800608315	-3.50865031525676	0.000450386645767312	0.00484472447092073
ENSG00000110880	1794.66999134031	1.15576045122192	0.201297787522014	5.74154572412044	9.38162187694136e-09	7.22659468579419e-07
ENSG00000111052	47.8155351711312	1.92139406251176	0.288450574550316	6.66108592609719	2.71811659101467e-11	5.23436330350155e-09
ENSG00000111058	6.85617747600798	1.09965396214394	0.377599743655927	2.9122211564475	0.00358868452285137	0.0231945434064978
ENSG00000111144	1871.24213012016	1.24977487843721	0.206695777689503	6.04644609777474	1.48075740991102e-09	1.64666480703556e-07
ENSG00000111537	75.8290232464963	-1.48381892041758	0.410564761281635	-3.6140922464598	0.000301401745722824	0.00353335929228591
ENSG00000112299	510.867360213186	3.25877488189081	0.364588042667878	8.9382385062458	3.95422901032286e-19	1.56103075755021e-15
ENSG00000112493	378.537174875869	-2.45041727712278	0.631152793324904	-3.88244701289211	0.000103410554578965	0.00154782565626203
ENSG00000112562	3.04860834105946	4.28220588375211	1.20140576046372	3.56432940865813	0.000364787605300604	0.00411748468570539
ENSG00000113273	341.49471712732	1.02444283401626	0.257659515050403	3.97595576400839	7.00971556506521e-05	0.0011352863434661
ENSG00000113504	464.191170076573	1.09402871803697	0.263402091780156	4.15345493516461	3.27492732089375e-05	0.000606264681409533
ENSG00000113721	93.6973184817759	1.02651010134941	0.30804185931434	3.33237211213531	0.000861090363484809	0.00802211087303163
ENSG00000113749	436.546488772163	1.03364264284895	0.271479886720439	3.80743728508094	0.000140414332369345	0.00195355305942232
ENSG00000113916	476.988640476237	1.01915489647178	0.216763055548657	4.70170017622311	2.58004157680512e-06	7.54471047024623e-05
ENSG00000114268	274.7360869567	1.01786267187367	0.235160380460181	4.32837653129252	1.50212503699148e-05	0.000320975053574188
ENSG00000114315	12.3984526242422	-1.62023897432407	0.501479968506464	-3.23091464480536	0.00123394782570975	0.0105098544313822
ENSG00000114374	147.456959633373	6.09560312037388	0.94961550333712	6.41902232951424	1.37152292821998e-10	2.14432857024967e-08
ENSG00000114854	1.87909970947933	-1.94909235394917	0.572466443868032	-3.40472769159983	0.000662300610898344	0.00654982221091781
ENSG00000114948	17.8098750000574	-1.0702867481708	0.355683301093452	-3.00910035663888	0.00262022548993479	0.0183485502046831
ENSG00000115107	74.7655904046736	1.52296522283833	0.232396471783815	6.55330612873959	5.62769815856661e-11	1.00985206388551e-08
ENSG00000115129	152.718402575985	1.28339075785181	0.217812365441353	5.89218502471739	3.81122084196529e-09	3.6037717554176e-07
ENSG00000115155	147.153436071891	-1.91779734465996	0.670916911045555	-2.85847220883324	0.00425686395035048	0.0263298623736719
ENSG00000115271	659.080750201046	1.13986456580677	0.325352903963537	3.50347131352028	0.000459236116492988	0.00492314834727819
ENSG00000115318	129.613244774859	1.08899989300609	0.242872564584522	4.4838324776165	7.33142268165959e-06	0.000177290192291097
ENSG00000115414	138.453867643257	2.69488840029471	0.62297984243221	4.32580352804586	1.51976838332525e-05	0.000323868590298098
ENSG00000115457	48.2941544050336	1.71635961887972	0.491301135899858	3.49349816937848	0.000476736252569833	0.00507629276084304
ENSG00000115590	58.7052643370191	2.43469369368206	0.631394383398475	3.85605852332317	0.000115229912256892	0.00167704658474523
ENSG00000115828	402.859764123237	1.18290134661931	0.255709933024422	4.62594992939261	3.72885381044159e-06	0.000101696598481318
ENSG00000116701	2355.14124388423	1.0207283657984	0.238176362612732	4.28559893434124	1.82247519299183e-05	0.000375211287777496
ENSG00000116729	59.0404167374972	1.76887703067087	0.277085298527074	6.38387182601836	1.72665627987013e-10	2.49437666091395e-08
ENSG00000117115	378.267599806767	1.57740466957166	0.524137480070061	3.00952465631881	0.00261656839965829	0.0183392062134949
ENSG00000117984	10171.2327555106	1.26081776234777	0.29051237638243	4.33997951497953	1.42495999061255e-05	0.000308240317969354
ENSG00000118113	4.27752087333679	2.76722031121373	0.886672798058558	3.12090358165129	0.00180297055901404	0.0139958147683451
ENSG00000118503	7151.5005192776	-1.46893201517375	0.471788583947009	-3.11353870177312	0.00184858263675074	0.0142743121843183
ENSG00000119042	7.36506615346787	1.05411333088488	0.402744604204499	2.61732452745573	0.00886220402192035	0.0455395586430668
ENSG00000119227	21.2655185282001	1.25007602287305	0.24160482168149	5.17405246374198	2.29070458178629e-07	1.03055601284864e-05
ENSG00000119457	241.702056781308	1.38155563543906	0.292977653684755	4.71556659036396	2.41039041986656e-06	7.18159907926659e-05
ENSG00000119508	107.254434497019	-2.15565776799564	0.532372932590253	-4.0491498271847	5.14040293391141e-05	0.000882305464449947
ENSG00000119535	3089.10199163118	1.42096992173165	0.212233454711266	6.69531541888538	2.1520693184439e-11	4.53111021433968e-09
ENSG00000119686	380.14296200083	1.7329745308775	0.339095403765555	5.11058100945435	3.21169557311648e-07	1.36700498099952e-05
ENSG00000120594	927.191703355347	1.36346753015257	0.198578480702273	6.86613939904601	6.59626200070706e-12	1.82739602198535e-09
ENSG00000120885	2718.26256549277	1.56817026022007	0.418189304257036	3.74990523252649	0.000176901411481704	0.00232829117974843
ENSG00000121316	4501.89179647449	1.9523341495886	0.382134500069402	5.10902352243523	3.23828040637597e-07	1.36726432879901e-05
ENSG00000121380	10.8650049240687	-1.31632134923974	0.433247151293289	-3.03826890796716	0.00237941523547265	0.0170936918375577
ENSG00000121690	5.62025032233938	-1.5139658711305	0.456067128260521	-3.31961191087131	0.000901426663580167	0.00829512147120887
ENSG00000121933	6.1295940081097	2.01674068720729	0.608918131293625	3.31200630029327	0.000926294598313404	0.00848933139986475
ENSG00000122025	307.236446662755	2.5267851459205	0.558063069951189	4.52777702373588	5.96074302512953e-06	0.000149406496999715
ENSG00000122126	32.9523454512622	1.1201400209074	0.243249777003032	4.6048963937732	4.12671260449815e-06	0.000110262129843706
ENSG00000122420	4.08584094286398	1.88988610687918	0.679720586639769	2.78038674129603	0.00542941951558281	0.0317893821173779
ENSG00000122641	3.70204799096974	-2.22103008979921	0.67638280684314	-3.2836879756973	0.00102458290960416	0.00909454116107884
ENSG00000122642	52.0177073610366	1.14364941641836	0.25213032070499	4.53594559044136	5.73459640958231e-06	0.000144888019045943
ENSG00000122786	31.5885427467817	1.77119771960548	0.479129908565774	3.69669621524436	0.000218423452035066	0.00273089844108134
ENSG00000123358	1877.86767869428	-1.61896838542616	0.580059359947535	-2.79103915429033	0.00525391162303826	0.0310677496461441
ENSG00000123384	1013.35611119502	1.47322126637444	0.251230139277385	5.86403076721557	4.5176371317561e-09	4.12358427442547e-07
ENSG00000123612	13.0774140965196	-1.01743787224146	0.368366760175601	-2.76202410813735	0.00574442366368024	0.0331411682459982
ENSG00000123643	173.512064901235	1.37060842899372	0.263941362773032	5.19285198270471	2.07096832329198e-07	9.39731631985739e-06
ENSG00000124107	4.96439680348091	1.74813584200781	0.628268842740629	2.78246464424705	0.00539477429144786	0.0316569605485891
ENSG00000124256	495.763682553409	-1.00792322167253	0.300633594458807	-3.35266330925846	0.00080038007024027	0.00760000101573308
ENSG00000124466	32.4898340345846	-1.47917603677129	0.466256891631068	-3.17244862933138	0.00151159299031283	0.0122470830733863
ENSG00000124491	4488.74008820792	1.41397902848062	0.253586939183721	5.57591425265088	2.46233200318052e-08	1.59307122462404e-06
ENSG00000124731	912.375243523736	1.06680406116097	0.24613706695548	4.33418694045756	1.46299817063639e-05	0.000315173316678297
ENSG00000125510	73.2080550595853	1.07575357956081	0.234795838893605	4.5816552142914	4.61310021845972e-06	0.000121207097420462
ENSG00000125534	455.224814186985	-1.02970246042514	0.281580165520366	-3.65687142246767	0.000255312364689595	0.00309174658804709
ENSG00000125740	2113.59950004858	-1.08384200962152	0.345938390715372	-3.13304923278455	0.00173000421250321	0.0135710365224233
ENSG00000125810	286.204051194023	1.62469181531348	0.213564352962515	7.6075046831371	2.7943839878241e-14	2.45145097509613e-11
ENSG00000127022	2087.70216992241	1.05766807246826	0.188085244863713	5.62334420881688	1.87295676373276e-08	1.2748215627631e-06
ENSG00000127152	99.0975902098021	-1.30053703839389	0.248691864391589	-5.22951179595513	1.69958257629742e-07	8.0594920307245e-06
ENSG00000127585	93.1041516108642	-1.01509754162981	0.341734382971129	-2.97042847372947	0.00297384647984953	0.0200769601382231
ENSG00000127928	6.56192722067926	-1.01869635889018	0.372225982376574	-2.7367685414813	0.00620459309656799	0.035268801147554
ENSG00000127954	129.593958191963	1.19633433423943	0.279683513764644	4.27745746660691	1.8904006298919e-05	0.0003838919766837
ENSG00000128040	11.9021124248771	-1.26570115384471	0.404736883032363	-3.12721969977593	0.00176468002476435	0.013754226194992
ENSG00000128283	54.6898287209898	1.17603862510702	0.275814222382347	4.26387955975938	2.00907765505314e-05	0.000403630346704124
ENSG00000128342	5.43513033881312	-2.56660540171513	0.764173559412666	-3.35866815869393	0.000783190540458954	0.00747272617787755
ENSG00000128512	47.7846460117182	1.32468119311721	0.32823374004295	4.03578618378437	5.44197599732903e-05	0.000928015582870656
ENSG00000129194	5.12814015381407	1.16596589542107	0.42626152844415	2.73532987993739	0.00623177890373874	0.0353851207008049
ENSG00000129450	615.472081343534	1.03668263816571	0.241075456758107	4.30024131077726	1.70612226712093e-05	0.000355427133510641
ENSG00000129654	6.81627022806695	-2.80807774865286	0.825472542151124	-3.40178213721708	0.000669479845604466	0.00660322063831363
ENSG00000129824	226.093941305291	10.8821313201223	1.80288728250992	6.03594657619003	1.58033534701074e-09	1.69771707579439e-07
ENSG00000130643	4.21715961337536	-1.37776196369061	0.529995035751478	-2.59957522382654	0.009333921865012	0.0473472406586587
ENSG00000130881	108.862962048672	1.29484747173465	0.340754850577914	3.79993848814952	0.000144732008439479	0.0020030351842838
ENSG00000131002	124.899301185211	10.02599534008	1.74056356069966	5.7602006421701	8.40140081259714e-09	6.73434112851378e-07
ENSG00000131015	5.5399220718887	-2.20396567729465	0.684427216203761	-3.22016077840847	0.00128118720398005	0.0108215128773229
ENSG00000131142	4.60695233476464	-1.45316077104516	0.52452250223096	-2.77044505214631	0.00559797445912748	0.0325589741009511
ENSG00000131389	530.507040554013	1.09083705155673	0.183747562379106	5.93660692655139	2.90981167699387e-09	2.96444104460711e-07
ENSG00000131686	16.5077971744087	-1.8986818039939	0.476446584297745	-3.98508850009378	6.74549801706695e-05	0.00110381512111403
ENSG00000131724	464.86646401211	1.22373576252319	0.227209849872146	5.38592742881436	7.2072040539326e-08	3.87105303454591e-06
ENSG00000131781	100.386759664237	1.13615243293915	0.207005068281213	5.48852471281383	4.05304572563337e-08	2.41515641711232e-06
ENSG00000131845	27.8167145881548	-1.02519320471246	0.30039191118382	-3.41285223251272	0.000642867898441186	0.00644097386264351
ENSG00000132002	3374.27700252112	-1.48085488610348	0.335870891162324	-4.40900037802856	1.03848843988911e-05	0.000237319405995499
ENSG00000132010	10.0234161163013	1.88642141726771	0.629400457187578	2.9971719844263	0.00272496933705532	0.0188105237241546
ENSG00000132122	57.1726481846039	1.17570576653727	0.248057327417735	4.73965344533987	2.1408405891482e-06	6.55155305101535e-05
ENSG00000132205	1790.92764675996	1.40442336514293	0.240611523285044	5.83689154188662	5.3183690613492e-09	4.66568699154251e-07
ENSG00000132394	65.2354656661589	3.01663380990479	0.940136441183491	3.2087191579419	0.0013332765429698	0.0111691086949793
ENSG00000132704	159.928955572255	1.26124866284922	0.408859565086748	3.08479676287291	0.00203691289352057	0.0153678411378802
ENSG00000133246	731.46958385624	1.02616328476449	0.236820954825664	4.33307637628565	1.47040069816651e-05	0.000316336477176394
ENSG00000133328	18.8284628101935	-1.14841556411199	0.407079523310911	-2.82110864916896	0.00478579910011038	0.0289439117540571
ENSG00000133687	73.8758323489639	1.45876630794817	0.338214048592609	4.31314522273232	1.60948321521002e-05	0.000338871326018418
ENSG00000134193	4.44538732157445	-2.05987371645641	0.567056488435297	-3.63257234237863	0.000280609870376396	0.00332915887536715
ENSG00000134243	566.881516122782	1.37859394984188	0.205338965380873	6.71374742385011	1.89688540785312e-11	4.10324896923406e-09
ENSG00000134247	16.7915381467994	1.26772229610554	0.444544893162447	2.85173064769026	0.00434819281671217	0.0268107429787981
ENSG00000134571	9.15381643001381	1.30292669500755	0.347647458359924	3.74783897789528	0.000178364694903087	0.00233785080168959
ENSG00000134686	1249.71043996129	1.01887323027617	0.303826999316439	3.35346507245397	0.000798064855405262	0.00758257649320366
ENSG00000134755	54.0832300765472	1.80904453336235	0.339590006126977	5.32714302754223	9.97695999528619e-08	5.09858172445191e-06
ENSG00000134765	19.1644288140376	1.6483250820958	0.587898354275799	2.80375862614258	0.0050510703642772	0.0301678771988832
ENSG00000134780	35.524718845134	1.28176685819281	0.280350474941116	4.57201600411779	4.83054033906986e-06	0.000125873040419558
ENSG00000135052	234.989205622523	1.39368900560572	0.228369485170317	6.10278122125778	1.0423848073847e-09	1.21031606569204e-07
ENSG00000135218	2493.30866141825	1.62130766915128	0.253368608300366	6.39900767513091	1.5638998250939e-10	2.35195639410074e-08
ENSG00000135424	22.1583220891704	1.5476958501883	0.340599901977368	4.54402905345269	5.51890461144277e-06	0.000141246390144721
ENSG00000135503	37.5308681673481	1.42551468249737	0.284017697362403	5.01910513230601	5.19127350952997e-07	2.00428850828821e-05
ENSG00000135625	7.57240323735645	-2.59463050075947	0.680527913630593	-3.8126731450547	0.000137471860207414	0.00192107800401352
ENSG00000135636	1211.22009467123	2.02879820776343	0.413345828299016	4.90823438599165	9.18999848304089e-07	3.33607508151031e-05
ENSG00000135677	2925.21287266869	1.27117588321137	0.187100509640334	6.79408028152872	1.09005674946406e-11	2.86884768846449e-09
ENSG00000135678	149.868929067644	1.3887082142841	0.370088435901988	3.75236856806809	0.000175171674174391	0.00231475808107767
ENSG00000135821	6773.64194997495	1.05292770430884	0.209625175592977	5.02290672544638	5.08952656094253e-07	1.96982141970204e-05
ENSG00000135838	415.477579536587	1.27999815046492	0.209466802573232	6.11074468479278	9.91673063388663e-10	1.17740671759176e-07
ENSG00000135929	350.563525763152	1.91075625578686	0.331794806587261	5.75884919791334	8.46893183751764e-09	6.7541870023354e-07
ENSG00000136040	1024.70201866546	1.21508358840476	0.212924160182283	5.706649669838	1.15221591649208e-08	8.49223192640965e-07
ENSG00000136160	6.8838078303584	2.17724447735427	0.569871397628148	3.82058914768514	0.000133133271752707	0.00188041815227818
ENSG00000136193	318.569560591926	1.07541945955893	0.175876700467426	6.11462153145243	9.67863865449311e-10	1.15784381055379e-07
ENSG00000136205	222.747066371216	1.24553186481765	0.210298257535792	5.92269227245339	3.16713166625598e-09	3.1454198831351e-07
ENSG00000136404	139.553329466521	1.07878831270438	0.181830377256533	5.93293776860172	2.97561658768544e-09	3.01204881641928e-07
ENSG00000136630	180.198599020586	1.37962470134354	0.332479876345962	4.14949835913669	3.33204676224208e-05	0.000614676990917812
ENSG00000136869	1067.71073012147	1.66366130754001	0.305491390592921	5.44585333259656	5.15576075088489e-08	2.92858338191451e-06
ENSG00000137177	160.985701022925	1.10956851780803	0.194610323119997	5.70148849259076	1.18765754422694e-08	8.68254642633688e-07
ENSG00000137285	2.3696247924282	-3.53007838703726	1.05876001749719	-3.33416291576824	0.000855565306321605	0.00798568723928117
ENSG00000137393	383.106862038406	1.71180245800893	0.241935740184628	7.07544266383547	1.48972446810027e-12	5.00515725016411e-10
ENSG00000137462	789.271583954796	1.12378456871692	0.24220313891727	4.63984312400168	3.4867376073941e-06	9.64769823060276e-05
ENSG00000137474	55.6059133435795	1.55433754700418	0.390388276602918	3.98151696697892	6.84768319404648e-05	0.00111591089078625
ENSG00000137491	6.7693741516244	1.21930480927496	0.462002535882498	2.63917341264349	0.00831084564876305	0.0436779918937916
ENSG00000137801	737.441586580849	2.47524918833923	0.33945139062142	7.29191058492319	3.0558996171936e-13	1.41411683764795e-10
ENSG00000137869	10.5037825537059	2.78770353434147	0.856871407430232	3.25335109815582	0.00114052481775911	0.00988475707861368
ENSG00000138061	943.72982563298	2.85198660059923	0.387777736599126	7.35469402037264	1.91364960732989e-13	9.65542935165493e-11
ENSG00000138119	392.044602175779	1.44971671878806	0.301736262774623	4.80458233775801	1.55074875439106e-06	5.03865711534759e-05
ENSG00000138166	552.285029542339	-1.05390624098739	0.354858739705727	-2.96993175893416	0.0029786590909007	0.020100857138638
ENSG00000138413	532.17739579582	1.33462246536228	0.356124045239746	3.74763367765241	0.000178510704691741	0.00233785080168959
ENSG00000138639	202.912049306172	1.41986486881856	0.319409235454651	4.44528432873117	8.77756995454816e-06	0.000204736495055052
ENSG00000138722	118.766991239704	1.89460059267634	0.384539736890819	4.92693058978783	8.3531411146297e-07	3.06754538002599e-05
ENSG00000138772	14.0606803043834	1.94334390370816	0.540650781015215	3.59445315155009	0.000325073629073767	0.00375786067108628
ENSG00000138829	70.3674316135133	2.15794862248836	0.323076664133261	6.67937013735619	2.39971376401346e-11	4.73673500594206e-09
ENSG00000139044	12.0642841921939	-1.62773460553528	0.49389649920472	-3.29569982406493	0.000981768551189007	0.00882046513557373
ENSG00000139318	4828.86657603432	1.24100959297216	0.214777742204116	5.77811080532153	7.55440532566609e-09	6.2456342668897e-07
ENSG00000139832	196.178826655521	1.0908438128643	0.25097703281431	4.34638899277842	1.38397041592494e-05	0.000301262669336622
ENSG00000140044	254.741353193761	1.06330286312671	0.285693341926101	3.72183284341906	0.000197781940140943	0.00253504433179029
ENSG00000140479	131.44012517981	1.24625611858875	0.387916545408989	3.2126913206932	0.00131497534173201	0.011056856028376
ENSG00000140848	284.702953244259	1.1895478841032	0.163610306347733	7.27061705743013	3.578490596643e-13	1.56966513921082e-10
ENSG00000140932	8.82955222640018	1.91579446141536	0.477582419005589	4.01144260168619	6.03488503137893e-05	0.00100717077769027
ENSG00000141316	2.54664770220961	-4.34510546818479	1.31758455555059	-3.29778111763694	0.000974520689749681	0.00877346420287184
ENSG00000141401	406.799310948889	1.34268893257988	0.201082790786457	6.67729410024834	2.43394208482588e-11	4.74498511870191e-09
ENSG00000142185	224.293356438584	1.86395612193791	0.23223886075382	8.0260302513013	1.00677405997346e-15	1.44526992554917e-12
ENSG00000142405	352.302356514403	1.53462858133402	0.311289409729702	4.92990938132642	8.22677683725894e-07	3.04247656053317e-05
ENSG00000142512	914.572518458137	1.27495018373532	0.222034735992206	5.74212038507377	9.34983109243853e-09	7.22659468579419e-07
ENSG00000142657	1884.39715621799	1.2895398385906	0.244479282605373	5.2746385086221	1.33018023174487e-07	6.48298643193926e-06
ENSG00000142733	186.32732661444	1.16031385183278	0.329526055287416	3.52115965707397	0.000429663833450766	0.00468888845474848
ENSG00000143184	12.9812635288223	-1.73477726518889	0.61336394331041	-2.82830003965681	0.00467959250656049	0.0284541568236799
ENSG00000143185	75.6624293506286	-1.23425009887645	0.290178744883715	-4.25341318286788	2.10536585591756e-05	0.000418186568940806
ENSG00000143226	1686.51600009623	1.0261853890414	0.25433090194933	4.03484350968032	5.46387009463689e-05	0.000930028403719647
ENSG00000143333	57.717560826875	-1.40404627238898	0.340020916637099	-4.12929382778974	3.63879134512838e-05	0.000661983342522146
ENSG00000143452	8.94886367683324	1.10685857817037	0.40138846713403	2.75757444172099	0.00582319526137965	0.0335109607771305
ENSG00000143507	246.653358079682	-1.04764781295512	0.35811200817151	-2.92547523972827	0.003439305442021	0.0224421786094849
ENSG00000143545	16.6354284679269	1.23941886116997	0.45365378109294	2.73208096752544	0.00629356722679341	0.0356718306095817
ENSG00000143546	20789.3264610555	1.49548060958379	0.332215146203672	4.50154252951174	6.74620623139711e-06	0.000165418233850919
ENSG00000143776	30.4760889102326	1.16197778785245	0.278367287332181	4.17426127541287	2.98954510736757e-05	0.000561998890362396
ENSG00000143845	14.6912492488324	-1.19135649039942	0.363527510984488	-3.2772113647549	0.00104837857262916	0.0092537428956887
ENSG00000144959	180.068603453881	1.14777520526697	0.15747762975442	7.2884968300379	3.1343226722613e-13	1.41411683764795e-10
ENSG00000145685	228.040265581212	1.62134429423328	0.388835639129916	4.16974199654461	3.04944661576586e-05	0.000572578020327689
ENSG00000145700	8.11873039804233	-1.00932121318143	0.313805934308194	-3.21638663528319	0.00129815810247811	0.0109387484504973
ENSG00000146094	1192.3571800507	1.14314561556423	0.170999636673669	6.68507628320744	2.3080438541671e-11	4.61345829128514e-09
ENSG00000146373	60.2951509343483	1.11743364281587	0.255952720001741	4.36578147248549	1.26669069859106e-05	0.000278972284818012
ENSG00000146592	418.359215756801	1.35954217250422	0.287482423492572	4.7291314578032	2.25482357200006e-06	6.78079314446731e-05
ENSG00000147459	427.961017606187	1.44237953794197	0.141708093990523	10.1785261330128	2.47278187544494e-24	1.3015899531717e-20
ENSG00000148158	274.237585217638	1.20957860032854	0.179724880379331	6.73016778631636	1.69467552860766e-11	3.87835090902081e-09
ENSG00000148344	14.8924986553154	1.34718699435314	0.458594386937736	2.93764388035575	0.00330716672536941	0.02181431485393
ENSG00000148411	249.725036973722	1.12293004022813	0.199726965955983	5.62232563266197	1.88403696856038e-08	1.27685956096725e-06
ENSG00000148926	590.501399163526	1.72469734987528	0.439866039257034	3.92096046511892	8.81967332890707e-05	0.00136406916294585
ENSG00000149418	796.152118472538	1.76648535251493	0.380729938859006	4.63973323928463	3.48859203956316e-06	9.64769823060276e-05
ENSG00000150656	5.43136638125942	-1.14018653604421	0.340952894487886	-3.34411748507601	0.000825447731963723	0.00776796491980879
ENSG00000150760	23.597705998422	1.10524510352453	0.394854858782796	2.79911739450699	0.00512425038037887	0.0304887105337463
ENSG00000151458	66.519116381985	1.44928452017567	0.283357286365186	5.1146894394939	3.14257561771411e-07	1.34483500214969e-05
ENSG00000151726	1571.07600127662	1.84350133965619	0.459125796491458	4.0152423447862	5.93847427695117e-05	0.000993992805415104
ENSG00000151948	329.88797355446	1.40798844389567	0.255522047138434	5.51024250026014	3.58339672267162e-08	2.17636221721952e-06
ENSG00000152315	28.4300725291906	1.04339254058404	0.313642601846507	3.32669265731529	0.000878832453380758	0.00816331957137385
ENSG00000152380	19.7279606376559	1.31938134877117	0.365949074447721	3.60536872722617	0.00031171002840435	0.00362193749708101
ENSG00000152527	7.74989037478997	-1.08177087848017	0.290441519921568	-3.72457381015048	0.000195645465457971	0.00250969743708109
ENSG00000152952	16.9043789324299	1.26406672867307	0.466247553651598	2.71114929992242	0.00670504278785987	0.0372552183895479
ENSG00000152953	7.62492116289266	1.50474949390703	0.443149886943939	3.3955768425986	0.000684841472121196	0.00673370590676576
ENSG00000152954	2.43447834670802	-1.32639328723589	0.504714888639406	-2.62800507195565	0.00858872351244864	0.0446280134863694
ENSG00000153208	73.4504003994927	1.18382354479494	0.289697678113421	4.08641019322031	4.38098951987415e-05	0.00077382780210663
ENSG00000154269	2.2927811767492	-1.61270894320981	0.569455300415343	-2.83202025169236	0.00462549189938315	0.0281938769085058
ENSG00000154330	6.97733804154067	1.05616269647872	0.409820648094249	2.57713392770739	0.0099623342736152	0.0495949623312288
ENSG00000154620	4.86478385196881	5.34536626379604	1.22671498765951	4.35746389142488	1.31578197413251e-05	0.000288176326678591
ENSG00000154764	28.1330667332871	-1.18847764111581	0.422001198043611	-2.81628973241205	0.00485818324236213	0.029280752511504
ENSG00000155254	228.775711902221	1.30907468312603	0.278793934716862	4.69549197494381	2.65965810537038e-06	7.7061763563126e-05
ENSG00000155465	1237.1054509359	1.00477659425486	0.221258776742336	4.54118299417772	5.59394499494863e-06	0.000142704338312171
ENSG00000155629	2519.29088800937	1.15181535806615	0.165009661951399	6.98029039296741	2.94570546666204e-12	8.94531442770388e-10
ENSG00000155659	301.590121803345	3.00725074478899	0.511566948666886	5.87850867345069	4.13979120429691e-09	3.89115731589598e-07
ENSG00000155760	3.51373787289669	-1.97303545735091	0.604000545748406	-3.26661204404404	0.00108842727095666	0.00952731491139949
ENSG00000156414	99.8779401691779	1.28514709097134	0.411667058398188	3.12181182524513	0.00179741785727468	0.0139611536567755
ENSG00000156463	16.1134801497046	-1.31918236472001	0.374872947551261	-3.5190119034653	0.000433157272417108	0.00471073449637641
ENSG00000157064	2.32967327790537	2.71442890204917	0.92412145425852	2.93730752547794	0.00331075615645247	0.0218288728461549
ENSG00000157107	110.061005576287	1.58594886920376	0.267761616743556	5.92298809848715	3.16143732479247e-09	3.1454198831351e-07
ENSG00000157150	3.58382117283114	4.52381394601335	1.65746809810739	2.72935204676274	0.00634589178445669	0.0358525857489644
ENSG00000157152	7.10348416190457	1.91164932479484	0.568363499660835	3.36342732412548	0.000769811022768988	0.0073806239081769
ENSG00000157240	177.551631313423	1.02695777831278	0.167672125454505	6.12479728236897	9.07991344041906e-10	1.11019488843506e-07
ENSG00000158050	4549.84271077109	-1.14187992857293	0.37333040774527	-3.05863092017956	0.00222350900113537	0.0162552919615411
ENSG00000158517	2746.27617906289	1.0095152310032	0.284030133937432	3.5542539694946	0.000379052980882819	0.00423911162968881
ENSG00000158747	43.720317065864	-1.38770572946368	0.39669784790744	-3.49814282276487	0.000468510166848112	0.00499543824760199
ENSG00000159128	1535.36110790418	1.02844940867898	0.224929241277415	4.57232417998758	4.82343913074918e-06	0.000125873040419558
ENSG00000159208	6.8817508161066	-1.08162326847971	0.35859633055477	-3.01626976161853	0.00255905479377329	0.0180186075950113
ENSG00000159307	41.7978163918365	1.19224813369975	0.437429934707889	2.72557509009053	0.00641895737711578	0.0361747879878784
ENSG00000160111	46.5066741657372	1.19742101058899	0.2588202816379	4.62645741288632	3.71973309610396e-06	0.000101696598481318
ENSG00000160183	17.6517907580942	-1.63317409233544	0.276717685106546	-5.90195054467375	3.59228860322801e-09	3.43792905051961e-07
ENSG00000160789	2261.80327186835	-1.07276234026142	0.410763467264714	-2.61163035604159	0.00901116267271735	0.0460502491148478
ENSG00000160883	2513.71817376976	1.53353387795099	0.253889487671739	6.04016295441795	1.5395866202192e-09	1.69771707579439e-07
ENSG00000160948	169.63466317247	-1.84399580203415	0.374112095319615	-4.92899274068851	8.26546452720512e-07	3.04247656053317e-05
ENSG00000161055	10.5399413778054	1.2880511596122	0.478202875574741	2.69352449640568	0.00707009498310013	0.0387969037624676
ENSG00000161647	8.71258624974842	1.08895855710224	0.358706165047617	3.03579548725539	0.00239902025896503	0.0171882617555884
ENSG00000161921	235.587357963574	1.02354970470304	0.396482269844455	2.58157749425868	0.00983499079819736	0.049038313765183
ENSG00000161944	407.727001513431	1.37073873121828	0.322501597909919	4.25033159556983	2.13454272624883e-05	0.0004234492988718
ENSG00000161955	1191.5311440003	1.08435325734081	0.201892913324897	5.37093273598863	7.83304249788069e-08	4.1230524694678e-06
ENSG00000162433	34.7507599827729	1.16528264265547	0.339673098799712	3.43060032358519	0.000602247227766341	0.00611581091553588
ENSG00000162444	117.156154764232	1.22815161471722	0.18328400641658	6.70081170053537	2.07264981631399e-11	4.42286665532625e-09
ENSG00000162576	6.28532513806555	-1.9305706790622	0.520064591524177	-3.71217481544781	0.000205485977207732	0.00261890965785899
ENSG00000162616	45.8514551119984	-1.42793932394426	0.370222688222992	-3.85697411144124	0.000114799315536483	0.00167232102549502
ENSG00000162643	9.55660892235892	-1.62150256026343	0.475614927102287	-3.40927600851919	0.000651355427104815	0.00648930823306759
ENSG00000162745	22.4162282054258	1.29473889940012	0.334401773114277	3.87180632250314	0.000108031779911269	0.00159948067437398
ENSG00000162772	260.194013426981	-1.4822344075913	0.459324027838779	-3.22699079028271	0.00125099486627283	0.0106263904966726
ENSG00000162882	56.0672617029346	1.22144785660751	0.166374684890356	7.34154873027987	2.1113625189905e-13	1.01031895567815e-10
ENSG00000163131	12221.4911490623	1.0135308887083	0.188164773513821	5.3864008112754	7.18825685594177e-08	3.87105303454591e-06
ENSG00000163220	37301.4892774203	1.54819273600643	0.314099430894377	4.92898930634181	8.2656098060207e-07	3.04247656053317e-05
ENSG00000163221	2015.49957399904	2.50310864383378	0.505282473059887	4.95387981434517	7.27481497267871e-07	2.72866040934844e-05
ENSG00000163235	21.722271226861	1.63636139212836	0.388610302321901	4.21080291065702	2.54464676132997e-05	0.000491228814280704
ENSG00000163393	106.332187775676	1.28672397409054	0.330762169969168	3.89017877773169	0.000100170396098889	0.00150646735695006
ENSG00000163430	56.9136766293817	1.3193569844945	0.462955320712396	2.84985812986071	0.00437387338484639	0.0269375330031628
ENSG00000163599	199.398431206472	-1.02273315935465	0.347389802281228	-2.9440506101175	0.00323947020975343	0.0214780877111143
ENSG00000163600	344.855075029338	-1.66577224119255	0.405985399099985	-4.10303485023192	4.07765799150019e-05	0.000728540673996451
ENSG00000163625	173.439095490293	1.40261133332403	0.21974493177716	6.38290640871936	1.73758110759632e-10	2.49437666091395e-08
ENSG00000163694	778.008463041706	1.20818568657698	0.247791460267522	4.87581648404103	1.08359313001729e-06	3.80244869246736e-05
ENSG00000163736	2206.6057227146	1.10486721996048	0.349709838888291	3.15938271417467	0.00158103722352361	0.0126925057430916
ENSG00000163814	39.1561384817965	1.0342377116359	0.256456497575898	4.03279979806251	5.51162328018111e-05	0.000934844717694307
ENSG00000163931	2183.88178266187	1.0959172345123	0.146656361620686	7.47268800617595	7.85729905392545e-14	5.63975497093349e-11
ENSG00000164023	129.16999233912	1.48731101595221	0.347941050318739	4.27460632940472	1.91475310528736e-05	0.000387142974207334
ENSG00000164105	307.656911425484	1.32336603986885	0.460457551567998	2.87402396890308	0.00405278204644438	0.0254117038747902
ENSG00000164125	720.513526460952	2.37556176491901	0.378903393513849	6.2695710980276	3.62043956567143e-10	4.76419676512646e-08
ENSG00000164251	71.6278289628465	1.41972346431267	0.301070734505358	4.71558109639978	2.41021868261609e-06	7.18159907926659e-05
ENSG00000164403	123.476507987506	1.14859254681722	0.238194688570639	4.82207455468341	1.42072820928682e-06	4.71317629261515e-05
ENSG00000164542	4.7993866731227	-1.12959357661372	0.403064207330429	-2.80251522231465	0.00507058234555818	0.0302491748465089
ENSG00000164597	49.7065984803364	-2.66200564900975	0.638651246621059	-4.16816793687281	3.07057676948088e-05	0.000575860781079246
ENSG00000164691	1903.46205498391	-1.43087379470026	0.304884941878183	-4.69315993727222	2.69017005212181e-06	7.76999907481319e-05
ENSG00000164733	7168.88062146115	1.06300560549078	0.24184719876781	4.39536042140121	1.10589106190691e-05	0.000250546997970904
ENSG00000164741	25.9693144685327	1.15140374916337	0.420895095867652	2.7356074244339	0.00622652592359101	0.03538073798468
ENSG00000164825	2.30916590609371	-3.54444806731151	1.36160938220522	-2.60313134855977	0.00923765550824491	0.0469796515718826
ENSG00000164850	20.7787694502418	1.79046099799867	0.588297572308173	3.04346147643247	0.00233873383102878	0.0168865779267377
ENSG00000164989	13.1976144406062	-1.07146243798465	0.335649439103563	-3.19220684785372	0.00141190183122585	0.0116485589429924
ENSG00000165025	2580.84958157905	1.12535251732064	0.164081736314713	6.85848737706058	6.9593479632033e-12	1.89474247736109e-09
ENSG00000165061	4.59293341078962	-1.38457857067474	0.480353798907112	-2.88241411606382	0.00394640701064565	0.0248821292256794
ENSG00000165168	2768.79045847769	1.20562139093855	0.217907756325983	5.53271444424849	3.15312579642058e-08	1.98513777127307e-06
ENSG00000165186	4.28795348372487	-1.22638614985212	0.424256639826286	-2.89067049216783	0.00384420950427267	0.0244084890558784
ENSG00000165246	2.33065568382027	3.9015373617658	1.22585926533471	3.18269598484498	0.00145910730254914	0.0119355663184089
ENSG00000165801	458.936726788423	1.10248504912286	0.224931462364439	4.90142658360791	9.51432057894493e-07	3.40681714880089e-05
ENSG00000165886	113.270094075854	1.15008701693754	0.27217342769834	4.2255668625088	2.38340041767482e-05	0.000464645382660532
ENSG00000165959	230.581435283985	1.0762073643884	0.22325764795076	4.82047255387086	1.43218560685593e-06	4.73130604976191e-05
ENSG00000166033	32.1729441586798	2.86125278015756	0.398646962291074	7.17741021708428	7.10442820286615e-13	2.7362445305234e-10
ENSG00000166145	251.60272147899	1.04104700147579	0.275716544729268	3.77578720384013	0.000159503120502887	0.00214976036954372
ENSG00000166257	2.50887488421174	-1.98151304695937	0.58012711701261	-3.41565320573748	0.000636292247786113	0.00638759751099206
ENSG00000166444	11.2465740806292	1.49993908433752	0.510353075654	2.93902232766089	0.00329249354239662	0.0217538767899519
ENSG00000166523	250.979907448162	1.31940045273105	0.370737320759679	3.55885522943161	0.000372474761761829	0.00419314052785441
ENSG00000166527	103.769415001159	1.18597424678585	0.407857884162451	2.90781248282423	0.0036396651095701	0.0234491847185726
ENSG00000166816	28.9651906963974	1.13355148885491	0.30586230091696	3.70608435709985	0.000210488217354476	0.0026633168591703
ENSG00000166825	1517.55559803256	1.43042377415474	0.3554767496509	4.02395874149153	5.722794722601e-05	0.000963418459110792
ENSG00000166831	23.4447978621836	2.59264552222451	0.441638142181182	5.87051994517466	4.34430511334464e-09	4.01174982718276e-07
ENSG00000167100	19.4298103752901	2.23738531127783	0.515592054265595	4.33944878080936	1.42840553141735e-05	0.000308562951390032
ENSG00000167601	42.3445448754512	-1.6615017385602	0.3069888247729	-5.41225479393043	6.22360465205777e-08	3.42428366064962e-06
ENSG00000167644	8.65210487513233	1.35945396161034	0.398372287959786	3.41252140949013	0.000643648708457441	0.00644097386264351
ENSG00000167767	6.90239087759893	2.44752938506632	0.705490911124074	3.46925714629919	0.000521899666759213	0.00545421418781915
ENSG00000167779	8.65352215241594	1.58299340687273	0.556094676450613	2.84662571664327	0.00441852788013075	0.0271807455220665
ENSG00000167780	3.20360668600325	-2.14486702834296	0.489200352376154	-4.38443475750757	1.16287326946967e-05	0.000260467117704902
ENSG00000168461	1233.73971269457	1.01403587013824	0.208195282594772	4.87059964808107	1.11260072389586e-06	3.87838367131115e-05
ENSG00000168528	56.4001950515662	2.71997821045463	0.317168763279855	8.57580734725332	9.83941275629004e-18	3.10748333669152e-14
ENSG00000168546	20.0915809856843	1.22925835795732	0.39952011467127	3.07683721749221	0.00209209515564406	0.0155992044016874
ENSG00000168615	378.35388364925	1.66952709570971	0.260373994214845	6.41203473774004	1.43590106382347e-10	2.22297193125848e-08
ENSG00000168685	1303.05269993559	-1.01017697175925	0.272671745691849	-3.70473651091399	0.000211610584017948	0.00267109730793558
ENSG00000169122	29.9758958526774	1.13155925180065	0.330841025797066	3.42025070522766	0.000625634489377629	0.00630063407000137
ENSG00000169245	131.733383685427	-2.27608845792609	0.719834795199855	-3.16195948445943	0.00156711366446766	0.0125999449468477
ENSG00000169397	39.5006288856213	2.01944842272375	0.615437885023086	3.28131964552035	0.00103322578836814	0.00915068335620937
ENSG00000169403	1517.94883227523	1.34198744230067	0.181967667937556	7.37486751086563	1.64508567439779e-13	8.65918262813850e-11
ENSG00000169860	53.4941214280651	1.43023463577227	0.383501767746637	3.72940819588912	0.000191930016255037	0.00247046886711981
ENSG00000169896	1508.26745169765	1.12119148598521	0.248730096054662	4.50766314076769	6.55455294566667e-06	0.000161976440633838
ENSG00000169902	155.173587405131	2.67875507056119	0.620532542236509	4.31686477055093	1.58261047721339e-05	0.000334104305423484
ENSG00000169994	120.513323182531	1.92412183725066	0.332978838137074	5.77851087479191	7.53646735832333e-09	6.2456342668897e-07
ENSG00000170190	172.507241215131	1.06239336591529	0.158149545559125	6.71765045014376	1.84678050918939e-11	4.05034875286245e-09
ENSG00000170365	122.136184944524	1.33798531935001	0.185493071868151	7.21312826336207	5.46808631779281e-13	2.21401412934016e-10
ENSG00000170458	10303.2857520809	1.20690484682551	0.254180024030421	4.7482285495459	2.05206070061107e-06	6.32892393034169e-05
ENSG00000170579	3.93881284530889	-1.92176976825154	0.540448236877498	-3.55588127987018	0.000376714174098458	0.00421594154726346
ENSG00000170677	67.9905768420875	1.18609444995445	0.275247658011231	4.30918998012347	1.6385357133284e-05	0.000343158056355024
ENSG00000170899	15.16010260121	1.03328639059547	0.337498182388661	3.06160579379224	0.00220153178280885	0.0161619657751439
ENSG00000171049	417.012579428586	1.43975696033184	0.389226422903798	3.69902163781848	0.000216432150950174	0.00271675683279348
ENSG00000171051	2803.88603582651	1.36237618243079	0.326373215583887	4.17428917993002	2.98917874026056e-05	0.000561998890362396
ENSG00000171224	21.5832638773104	-1.01109877552751	0.338456064642772	-2.9873856052622	0.00281374575139093	0.0192512388042522
ENSG00000171236	73.6022585001417	1.08963183721088	0.419374645153923	2.59823012621793	0.00937056709922993	0.0474721286698556
ENSG00000171298	1417.21723604474	1.05149852323467	0.189506978057535	5.54860055293285	2.8796525047069e-08	1.82620854224203e-06
ENSG00000171522	1469.20138510206	-1.0632857255218	0.339529553245893	-3.13164410978903	0.00173830451248815	0.0136129014174453
ENSG00000171595	8.29132620910091	-1.14792650076928	0.343418970523354	-3.3426414942072	0.000829850357976895	0.00779082461522779
ENSG00000171643	35.8979228627617	1.01846380759444	0.219846562348368	4.63261193040893	3.61080999012461e-06	9.91622618331438e-05
ENSG00000171714	12.4319132095936	1.95390614434855	0.480452842400469	4.06680109245753	4.76628916480409e-05	0.000827991993414977
ENSG00000171777	457.489883160027	1.02401500236997	0.200398047396961	5.10990508975139	3.22320690315147e-07	1.36726432879901e-05
ENSG00000172037	64.7954730767073	1.52949266972129	0.339665528632881	4.50293756884117	6.70205765659439e-06	0.000164591279090641
ENSG00000172058	4.22375686449856	-2.78615840076791	0.842201371697697	-3.30818554136479	0.000939025745882227	0.00856623659920638
ENSG00000172183	1775.33140870104	-1.08107742437575	0.283342015833491	-3.81545045903485	0.000135934727455192	0.00190804024999549
ENSG00000172594	103.938460104591	1.15587877581513	0.243167853929647	4.75341932387799	2.00004933491644e-06	6.23314510824878e-05
ENSG00000172602	51.4334578212752	-1.1367564117398	0.315053809036469	-3.60813416354607	0.000308407005165428	0.00359944938548948
ENSG00000172889	54.6033250140496	1.21776382740964	0.438756726289317	2.77548754114517	0.00551190111415456	0.0321530958602197
ENSG00000173083	264.803001327778	1.01395313730245	0.236030904268082	4.29584905606602	1.74025970459662e-05	0.000361584749937964
ENSG00000173110	232.231011552559	-1.90674144737372	0.449629091915745	-4.24069857056986	2.22825208592915e-05	0.000437097250793879
ENSG00000173210	122.778961584746	1.15254231378706	0.402808753200003	2.86126432117228	0.00421955096376873	0.0261615377130074
ENSG00000173213	2.44668692607719	3.20236180682656	1.05784546752977	3.02724916362742	0.00246790441887686	0.0175621272044104
ENSG00000173369	260.991547719389	1.20234058979151	0.295889096873699	4.06348392859077	4.83456525096374e-05	0.00083800899975816
ENSG00000173372	229.666136475015	1.31248621998669	0.177601754260415	7.39005211661485	1.4677127430995e-13	7.99194894009798e-11
ENSG00000173535	51.0610252450288	1.50987760920867	0.218947892270004	6.8960591196133	5.34649525360561e-12	1.50761618838725e-09
ENSG00000174175	296.50560357126	1.07213196116544	0.410848870718851	2.60955314125499	0.00906605635605241	0.0462858376716533
ENSG00000174473	8.03758296109621	3.31063794064595	0.768159228143562	4.309832934829	1.63377922849856e-05	0.000343071912197084
ENSG00000174695	797.433004016646	1.07150500894554	0.175908535655102	6.09126217187328	1.12023916076739e-09	1.27264004227899e-07
ENSG00000174705	17.832069336876	2.24822240394231	0.612912272421279	3.66809820116805	0.000244361334862569	0.00299589273199909
ENSG00000175445	17.4296634501927	3.65494611998487	0.746094657435983	4.89876999326787	9.6438454503988e-07	3.44538378975673e-05
ENSG00000175471	422.775502076993	1.13911023282314	0.194678326165977	5.85124320337527	4.87912158616933e-09	4.32843870602246e-07
ENSG00000175489	2554.80564314771	1.1000673929114	0.225774412155746	4.87241836843999	1.1024041121455e-06	3.85988100551875e-05
ENSG00000175538	120.398891649718	1.08217573047849	0.252674487870417	4.28288482782432	1.8448567662761e-05	0.000378339392159297
ENSG00000175564	7.60350140613769	-1.03501736131909	0.337987322513437	-3.0622964010076	0.00219645840015503	0.0161472414324247
ENSG00000175600	3.15705582964339	-1.26905878809515	0.442455532815252	-2.86821769414972	0.00412791399435192	0.0257745709311235
ENSG00000175928	6.70283428899308	2.41655298760971	0.779877477008769	3.09863159130897	0.00194416610115458	0.0148569811486021
ENSG00000176083	214.67529611432	-1.44008097223033	0.222984939822831	-6.45819835803495	1.05956804287135e-10	1.69006454191732e-08
ENSG00000176160	14.2534012238163	-1.1924156442299	0.345844795095987	-3.44783458111304	0.000565100016326981	0.00581335137317222
ENSG00000176584	4.70833877337306	-1.33502361339556	0.442494325371937	-3.01704120673957	0.00255255110688569	0.0179954298986163
ENSG00000176681	14.8136521623711	2.21014831509184	0.754258924099107	2.93022494593837	0.00338716709388041	0.0222213359283197
ENSG00000177191	71.5859004337468	1.29230486857811	0.389477598736614	3.31804671891293	0.000906493210027917	0.00832588035777165
ENSG00000177575	1151.35457670089	1.87032184344073	0.349457229184789	5.35207655541654	8.69505959694673e-08	4.5314747886266e-06
ENSG00000177675	3.39031530233198	2.24673851814943	0.853511093306972	2.63234834997203	0.00847968695901245	0.0442215114827496
ENSG00000177706	48.5141155277757	1.04224121341383	0.287291933515773	3.62781231153713	0.000285832919766841	0.00338349897753987
ENSG00000177707	9.75171461430284	-1.28046893739757	0.309880888365042	-4.13213265314113	3.59412885838691e-05	0.000655368230979073
ENSG00000177875	7.41948719859493	-1.40144778217708	0.524704938131229	-2.67092546749879	0.00756424405829327	0.0407251885184142
ENSG00000178342	9.83922543179929	1.76096760657435	0.641138582015443	2.74662554394821	0.00602118364665696	0.0344744419740247
ENSG00000178789	309.005583176722	1.08065433584295	0.210551888561945	5.13248464890884	2.85942056534352e-07	1.24388733188263e-05
ENSG00000178814	56.6529331550203	1.19325125885108	0.241250643016031	4.94610602456216	7.57127319807015e-07	2.82642967070274e-05
ENSG00000179241	173.578193837968	1.82065376234894	0.350472938508242	5.19484833864319	2.04886799741431e-07	9.37787668033894e-06
ENSG00000179455	13.6781286088123	1.81595656640773	0.679376999781104	2.67297327844899	0.00751822389344811	0.0405881276927997
ENSG00000179542	61.7485893024543	1.71126896772209	0.353382706478339	4.84253738609868	1.2819150612357e-06	4.35327327569311e-05
ENSG00000180044	3.04514620315363	-2.04849276585781	0.665240826118572	-3.07932508864495	0.00207470156637515	0.0155268305377393
ENSG00000180071	16.3580210292689	-1.11507683523009	0.297458618639107	-3.74867885937089	0.000177768538752284	0.0023353935070194
ENSG00000180316	18.3882635519998	1.32679447425666	0.430080216174182	3.08499304166855	0.00203556915394209	0.0153650442207933
ENSG00000180509	46.5960832014228	1.24174169030987	0.416015204542471	2.98484689201569	0.00283720297015604	0.019386530550296
ENSG00000180776	474.625174820327	1.04349084777448	0.223905619450889	4.66040490780694	3.15587937059815e-06	8.89901627519918e-05
ENSG00000181409	57.5743799287069	1.15276160789145	0.218363865014569	5.27908593216438	1.2982991136454e-07	6.37631010988291e-06
ENSG00000181982	91.663252261314	1.1282153670762	0.224293584890098	5.03008308342397	4.9026734389124e-07	1.92582378790711e-05
ENSG00000182010	46.0655488260569	-1.13088875989153	0.207157607042466	-5.45907425769646	4.78623563590854e-08	2.76847790940043e-06
ENSG00000182022	772.954510646239	1.29690812445684	0.225315101990959	5.75597513436486	8.61430660658637e-09	6.82190206762001e-07
ENSG00000182230	9.34865445506681	-1.35804615466553	0.451991792007237	-3.00458145187686	0.0026594653987748	0.0185247543502659
ENSG00000182511	1430.38148658031	1.20597074845007	0.255236852590923	4.72490839864306	2.30219106303875e-06	6.88520815841758e-05
ENSG00000182578	3320.68130795204	1.04776111242151	0.168704963977602	6.2106122292917	5.27785664065635e-10	6.77582391972394e-08
ENSG00000182747	9.32545454529542	1.5965099600578	0.59698432506775	2.67429125526305	0.00748873813252277	0.0404566075438478
ENSG00000182871	129.610628688543	-1.36864202354231	0.448135281602882	-3.0540822821336	0.00225750154281358	0.0164050652842012
ENSG00000182950	3.92207336789102	-2.58279228651611	0.835848820633912	-3.09002324673655	0.00200140829872405	0.0151598877493976
ENSG00000183019	491.993194698053	1.70926569658544	0.378562545427744	4.51514741019642	6.32727379482592e-06	0.000157593029170499
ENSG00000183023	258.511377346053	1.14588552701783	0.244166129386331	4.69305685394538	2.69152649858958e-06	7.76999907481319e-05
ENSG00000183150	6.35591335242875	-1.18702957407756	0.449512902320961	-2.64070189742852	0.00827344806846969	0.0436068152367172
ENSG00000183287	13.1186210265594	-1.05089591290122	0.252683303902977	-4.15894480034475	3.19721144369829e-05	0.000593966657734585
ENSG00000183307	31.2996906746075	1.55820615552433	0.351989934755915	4.42684861601186	9.56197891927617e-06	0.000220106718825496
ENSG00000183479	10.8566101637579	-1.30998305523708	0.500942666765222	-2.61503589561684	0.00892180785831131	0.0457862424083828
ENSG00000183655	28.1536488076705	-1.36991086119329	0.393084380747861	-3.48503000446615	0.000492081859037712	0.00518376560111042
ENSG00000183662	17.0443888244765	-1.17629283483543	0.330618114711717	-3.55785960445968	0.000373889049484474	0.00419920482248174
ENSG00000183722	10.4802569092034	1.88596620033345	0.410167740026372	4.59803640386781	4.26491485862286e-06	0.000113570439346566
ENSG00000183878	243.05498960117	6.98900807697862	0.945631709127829	7.39083515232869	1.4590942461947e-13	7.99194894009798e-11
ENSG00000183921	6.85036201327898	-1.06547395166585	0.306420082340149	-3.47716750001748	0.000506741137692459	0.00530985355361754
ENSG00000183935	34.2773718750035	1.08746795955682	0.247473485282926	4.39428069764146	1.1114013469686e-05	0.000251071734341242
ENSG00000184005	27.3462340466964	1.33468681890233	0.378997420371763	3.5216250748966	0.000428910281865159	0.00468390197851502
ENSG00000184368	3.09701144081023	-1.48819185416477	0.533857485611725	-2.78762009388988	0.00530967699650788	0.0312971666486957
ENSG00000184371	77.4817100272463	-1.14153912079388	0.356492375285479	-3.20214175655156	0.00136409852626162	0.0113430646804619
ENSG00000184497	22.120094834756	1.27682224513689	0.3409992425918	3.74435507666314	0.000180857732183239	0.00236270270436446
ENSG00000184500	73.2645774427805	2.24128124541852	0.419849060434014	5.33830239634602	9.38208850948964e-08	4.84158691677617e-06
ENSG00000184545	36.7328753442098	-2.52715006967795	0.52677602029225	-4.79739010951165	1.60746345243367e-06	5.19089067022086e-05
ENSG00000184916	14.5015125731689	1.02888697669109	0.326292487463105	3.15326590780743	0.00161454663855967	0.0129155552023788
ENSG00000185338	184.733997543025	-1.17942048814852	0.299596643787094	-3.93669459457184	8.26116343381645e-05	0.0012954521527646
ENSG00000185482	29.010477118641	1.20998134063548	0.399742725110726	3.02690021513292	0.00247075505574636	0.0175667235863534
ENSG00000185483	17.3364616131063	2.51039839550839	0.78607101770289	3.19360253586813	0.00140509428333234	0.011610593316641
ENSG00000185885	7305.76522814313	-1.20526642073315	0.337745273789499	-3.56856635537803	0.000358939952550473	0.00406166550144427
ENSG00000185972	6.32187273985595	1.56963602025182	0.507735456950235	3.09144456776764	0.00199185168600435	0.015129066846414
ENSG00000186081	3.63642503334011	-3.21573130167021	0.761187239067402	-4.22462586946424	2.39338054204463e-05	0.000466015686059517
ENSG00000186193	123.256005998907	1.22448083682147	0.325040164983806	3.76716778027255	0.000165110042114597	0.00220953616528102
ENSG00000186205	182.865148360053	1.77705511286223	0.353583089475544	5.02584870644708	5.0121092439262e-07	1.94941421356745e-05
ENSG00000186231	9.69770229030031	-1.01840871629686	0.386795519295853	-2.63293824641722	0.008464973680732	0.0441593655079085
ENSG00000186352	71.9558938535514	-1.01702638125131	0.267827052905144	-3.79732506563297	0.000146265928717045	0.00201415492609717
ENSG00000187017	8.76844041352157	-1.42722189854383	0.418533592217887	-3.41005339853537	0.00064950161448228	0.00648085333116279
ENSG00000187122	9.5601478986883	1.19220773548784	0.382348671046448	3.11811659296447	0.00182010785000731	0.0141027100389918
ENSG00000187164	173.263861387933	1.01131905129703	0.275471617343626	3.6712277694856	0.000241388098992803	0.00296866002429544
ENSG00000187554	229.148239977676	1.02626709977124	0.310540082105877	3.30478144016637	0.000950504904813444	0.00863714414007946
ENSG00000188056	36.7873251080505	2.12907553957789	0.799925318897141	2.66159288783764	0.00777718791813307	0.0415318141411022
ENSG00000188157	17.7156837594092	-1.02216788466916	0.302864504325114	-3.37500060281708	0.00073815529165305	0.00714666475198854
ENSG00000188167	42.4314174326863	1.26535806505198	0.248474049005276	5.09251597950622	3.53342923456968e-07	1.46832581692342e-05
ENSG00000188906	528.088605999853	1.25566738467501	0.225684787454078	5.56381047584127	2.63946605684103e-08	1.68063743966035e-06
ENSG00000189127	7.76206312505117	3.83263247709851	1.01476569367712	3.77686445351785	0.000158815104111268	0.00214787625024891
ENSG00000189190	219.774037913933	-1.04918291503424	0.242781071776298	-4.32151859021766	1.54958993117379e-05	0.0003284506658143
ENSG00000189221	7.61726631228384	2.79179321932052	0.777055997686958	3.59278253772029	0.00032716561083291	0.00377651473732638
ENSG00000189337	6.41948039729724	1.68175867141681	0.505909259282315	3.32422987039723	0.000886630815772722	0.00820198430689342
ENSG00000196169	40.2332905526391	-1.02098899692145	0.324796415867707	-3.14347371781746	0.00166955407707958	0.013257920422336
ENSG00000196209	584.373092284473	1.22412952977172	0.251059091533662	4.87586218166327	1.0833422785816e-06	3.80244869246736e-05
ENSG00000196422	48.7553545855263	1.51406293795347	0.231986209343759	6.52652130588467	6.73147453599404e-11	1.16809576261409e-08
ENSG00000196502	772.402255121578	1.20198387163641	0.31466245806902	3.81991508937097	0.00013349762275166	0.00188387932160096
ENSG00000196562	1416.51435851039	1.34566219289728	0.198952581957125	6.76373324567998	1.34480590917435e-11	3.16952688235406e-09
ENSG00000196576	1418.96697057043	1.10026583964033	0.155458347089236	7.07756038991432	1.46714265363207e-12	5.00515725016411e-10
ENSG00000196730	537.812766285065	1.35511006208988	0.189084277392401	7.16669879049572	7.68278104961457e-13	2.8213673384759e-10
ENSG00000196743	734.743234487362	1.09191677597517	0.288611347606243	3.78334665296974	0.000154733671445812	0.00210456451834696
ENSG00000196782	74.7329545624978	1.2964783872486	0.299866335418878	4.32352096289026	1.535585395259e-05	0.000326798234185106
ENSG00000197249	7326.90934602119	1.18045578846157	0.376548251154042	3.13493897486901	0.00171889865038981	0.0135174943168852
ENSG00000197279	51.2642108042716	-1.37942098729932	0.415026106021907	-3.3236969127588	0.000888326835884048	0.00821286245049473
ENSG00000197353	34.9203557125274	2.12695136344247	0.690553945392718	3.08006547154383	0.00206955095812091	0.0155029787379921
ENSG00000197405	2064.10413932012	1.48560289061285	0.251584167005528	5.90499357847191	3.52660486810675e-09	3.39564740684596e-07
ENSG00000197415	19.5580618285564	1.39300529941457	0.400955052768241	3.47421809451483	0.000512344413305082	0.00536500704940354
ENSG00000197549	14.0604604510636	-1.42373567356542	0.506974565937945	-2.80829802759708	0.00498041122168058	0.029882818092315
ENSG00000197629	4774.87095892722	1.40871295356639	0.217256927079219	6.48408763073744	8.92703277004213e-11	1.49521266294201e-08
ENSG00000197632	57.6986643937786	1.29972739118612	0.336660144903157	3.86065119635708	0.000113085238955773	0.00165959945013997
ENSG00000197852	79.6012224503017	1.24022406533365	0.30786763817056	4.02843271447246	5.61499257268762e-05	0.000949318498022593
ENSG00000197965	364.872475122664	1.0101484803667	0.255855567354379	3.94811999133703	7.87673246339801e-05	0.00125006514904038
ENSG00000198053	988.826300603094	1.63895047452482	0.217399840200833	7.5388761694156	4.74038831144409e-14	3.93976167505335e-11
ENSG00000198121	26.5169109920251	1.21283482219913	0.380928405779305	3.18389178595886	0.00145309323787132	0.0119194786685607
ENSG00000198178	8.31320815408379	-1.49854772254006	0.522584384045042	-2.86757080443281	0.00413636238432714	0.0257760307068342
ENSG00000198363	312.212070252299	1.10802961868697	0.330253374244363	3.35508947099239	0.000793393194500079	0.00754727224960889
ENSG00000198435	21.554161228515	-1.96766619562341	0.670224937199969	-2.93582957960923	0.00332657023175576	0.0219148396035274
ENSG00000198563	139.735508237105	1.19071906807813	0.457461374564968	2.6028843838684	0.00924431224283649	0.0469983691650454
ENSG00000198682	85.5206444704384	1.3964899772164	0.288408363291663	4.84205784214432	1.285013432599e-06	4.35443071119545e-05
ENSG00000198692	109.906037119158	5.12225078472256	0.935859860103858	5.47330963009153	4.4170735081172e-08	2.5929370916981e-06
ENSG00000198729	5.091083614539	-1.54338701497353	0.438841515282564	-3.51695762872335	0.000436523458513928	0.00473755459339755
ENSG00000198734	529.158151456416	1.27392301938024	0.293094603062883	4.34645676197224	1.38354309046485e-05	0.000301262669336622
ENSG00000198753	28.0843910321201	2.66307069864586	0.560852774414307	4.74825269684523	2.05181576453979e-06	6.32892393034169e-05
ENSG00000198853	95.8014560274282	1.0414806181993	0.237959033810152	4.37672233545127	1.20477291112616e-05	0.000267574810683449
ENSG00000203710	553.015295021471	2.10785149189344	0.364137391806354	5.7886158887368	7.09687775299415e-09	5.99287682339736e-07
ENSG00000204001	4.04739313414617	2.9670120353913	0.773841722844929	3.83413293416574	0.000126007985847545	0.00180398196239219
ENSG00000204103	3381.80122772355	1.27234727296135	0.270239845036457	4.70821492955528	2.49895534777028e-06	7.39326804221015e-05
ENSG00000204463	255.224531833757	1.18330761079008	0.397214562667339	2.97901366667939	0.00289177879946478	0.0196743123749885
ENSG00000204520	9.18173199527932	-2.32284751710042	0.667845382186843	-3.47812170160451	0.00050494061314134	0.00529683353368488
ENSG00000204592	452.256060615747	11.8823630958761	1.46748334711942	8.09710251172556	5.62836422064283e-16	8.8877499408171e-13
ENSG00000204619	23.9131067937369	22.3100156087453	3.14481956245569	7.09421166005598	1.30090900588386e-12	4.56503424709156e-10
ENSG00000204634	341.104019380339	1.05001491142808	0.190895932984819	5.50045721252521	3.78807672718103e-08	2.28896150619722e-06
ENSG00000204839	30.0893222093188	1.85203547011943	0.499052426852995	3.71110402527905	0.000206357274353775	0.00262366160975883
ENSG00000205269	626.891136300679	1.20500006860446	0.217940596470447	5.52902987382553	3.22006512424282e-08	2.00477999838728e-06
ENSG00000205572	29.0352352656564	-1.09510292524989	0.417858680803294	-2.62074949153779	0.0087736705808095	0.0452613629995305
ENSG00000206433	22.4868581346079	3.23972196969597	0.799383153278917	4.05277739017547	5.06131577253943e-05	0.000870623500699022
ENSG00000206435	3361.26279424516	8.38400205397097	1.12905154019765	7.42570357107284	1.12181984178466e-13	7.08586284864861e-11
ENSG00000213903	345.5138899443	1.08681945272507	0.283569748699446	3.83263538409727	0.000126777788290573	0.00181171769673886
ENSG00000213949	118.484553237726	1.21575046621279	0.356808923769731	3.40728716470493	0.000656120569695544	0.00651583398350571
ENSG00000214140	10.4638373698081	1.25522681070716	0.4862226762275	2.58158837931255	0.00983468064407583	0.049038313765183
ENSG00000214274	64.9328916401397	1.26827496307486	0.324895558001422	3.90363897517279	9.47570976055614e-05	0.00145131845614881
ENSG00000214688	27.1585113390746	1.02395046647619	0.373227611192656	2.74350138030821	0.00607877926479263	0.034678469425701
ENSG00000215559	32.4390068640362	-1.45953765106779	0.308674741656692	-4.72840000848236	2.26296023105265e-06	6.78079314446731e-05
ENSG00000215580	28.0204974355761	7.86961746931409	1.56478235737823	5.02920897095204	4.92507407302938e-07	1.92982244881407e-05
ENSG00000221869	2145.09994497749	1.00425456551953	0.205876442864317	4.8779479164665	1.07195219491327e-06	3.77839221202576e-05
ENSG00000223839	6.72124595663283	-1.34050151292021	0.442698077587778	-3.02802650561413	0.00246156495745863	0.0175250551141701
ENSG00000224940	2.89154771139779	2.21205339495782	0.666062990235865	3.3210873857058	0.000896674576998703	0.00826584252503591
ENSG00000225449	3.44909644112238	-1.79154582492255	0.589867983701092	-3.03719793992141	0.00238788595196784	0.0171240268244887
ENSG00000225492	24.2231798450585	-1.7175126126938	0.587506878950373	-2.92339149417667	0.00346240877874618	0.0225184913612772
ENSG00000225873	8.47014704865431	2.13589772457493	0.442028620592716	4.83203490694994	1.35144551603849e-06	4.53092911757193e-05
ENSG00000227046	39.6619886710712	-4.46652250291092	1.37241593945321	-3.25449623143437	0.00113593667243876	0.00985581098597825
ENSG00000227642	18.3050888372282	21.9320000059098	3.14499855941406	6.97361209920424	3.08905078705748e-12	9.20362282611786e-10
ENSG00000227825	166.848564337641	1.57281017665732	0.324085015386596	4.8530789823193	1.21559249077523e-06	4.17291761344167e-05
ENSG00000228080	487.098147118459	3.96605415650122	1.02047959859311	3.88646099536829	0.000101716261122079	0.0015266287656723
ENSG00000228299	7347.53839796776	-1.81645431824811	0.684972569774033	-2.65186432041702	0.00800487017142158	0.0424462407242842
ENSG00000229391	15.6742671469886	2.79620911137233	0.883531391476249	3.164810145229	0.00155184174139838	0.0125204948842426
ENSG00000229998	8.23571240882618	2.1764801308493	0.794673996353594	2.73883396315495	0.00616575033903313	0.035098544918411
ENSG00000230034	369.947501091837	26.1138310982899	2.14867356295218	12.1534660027234	5.49841701962644e-34	8.6825503156921e-30
ENSG00000230230	50.2422394234624	-7.93693257032615	2.02694172709047	-3.91571817988031	9.01354889515548e-05	0.00138997022073633
ENSG00000231021	351.580509762439	24.5405009743434	3.12363066273365	7.85640289267322	3.95322085995682e-15	4.80194696919832e-12
ENSG00000231129	12.3782458045173	21.3926268984108	3.14536362181112	6.80132075988495	1.03664319669598e-11	2.77451402017394e-09
ENSG00000231834	1783.38488801086	-4.54379043910496	1.16745430324472	-3.8920499298999	9.94007812566207e-05	0.0014977459320833
ENSG00000232810	234.467153804425	-1.56658641155191	0.526039383359239	-2.97807818408545	0.00290061983099668	0.0197174721271066
ENSG00000233614	48.2033269170648	-2.12408386428495	0.603537408502916	-3.51939057026104	0.000432539430904148	0.00470725716981902
ENSG00000234745	8171.40356595003	4.68884338255351	0.811478620418857	5.77814777194413	7.55274610903413e-09	6.2456342668897e-07
ENSG00000235568	991.019132871653	1.27812358562463	0.226443299782967	5.64434269792763	1.65813502885287e-08	1.1454047384683e-06
ENSG00000236279	14.965722587176	-1.29923340948268	0.489422604182906	-2.65462485463204	0.00793966513963251	0.0422138896363424
ENSG00000236632	6330.92982757635	11.9208783271793	1.55022649880011	7.68976555129601	1.47404886936551e-14	1.55178037974338e-11
ENSG00000237022	4351.63402427771	2.12445349641422	0.786551329543482	2.70097248153819	0.00691370586184346	0.0381995553759167
ENSG00000237462	15.3200668314067	-7.9616937371316	2.74037838738189	-2.90532642272736	0.00366870272343518	0.0235785448537912
ENSG00000237599	20.1404902335196	5.78940667367292	2.1936778315189	2.63913259754481	0.00831184634544005	0.0436779918937916
ENSG00000237984	3.90164624263946	1.97528405815589	0.628923372353535	3.14073883240187	0.00168522238876812	0.0133302018191346
ENSG00000238098	2.7767398613588	-1.55378665729802	0.537319558839168	-2.89173664300409	0.00383118945978775	0.0243551983733931
ENSG00000239839	2.56913583598979	4.04014350714008	1.31946038681223	3.06196650351961	0.00219888057572851	0.0161575259056905
ENSG00000241399	449.836195716405	1.30611086401898	0.247116418636986	5.28540706126715	1.25425538788216e-07	6.2087607617703e-06
ENSG00000241779	37.3979850420393	8.28627890672219	1.60447402545596	5.16448304880934	2.41104324213118e-07	1.07854911718112e-05
ENSG00000242092	406.216284843952	26.2587078983784	2.39061362971963	10.984086918913	4.55824477580968e-28	3.59896216274053e-24
ENSG00000242779	11.7187412476075	-1.4576421336686	0.435874724180835	-3.34417678475858	0.000825271304847645	0.00776796491980879
ENSG00000249138	10.591629916354	1.29516450979891	0.480523444615495	2.69532012290321	0.00703210346371744	0.0386423948216691
ENSG00000250510	49.2504178971178	1.37440363179808	0.18551920306415	7.40841707541633	1.27815793806758e-13	7.73251313891483e-11
ENSG00000254521	8.05741976845543	1.99438271782577	0.684862443902054	2.91209239984401	0.00359016417041938	0.0231945434064978
ENSG00000255587	33.6986135190624	1.07562872594428	0.310398427733386	3.46531628332918	0.000529608232963751	0.00552016079652185
ENSG00000256069	7.80120114225465	-1.05199148646326	0.288719935522503	-3.64363993279315	0.000268809401153971	0.00321727375365131
ENSG00000256977	45.4679192711548	5.74916378651094	1.19496915665825	4.81113989802764	1.50071923649107e-06	4.89625154203109e-05
ENSG00000257017	180.663836320701	1.98633677121445	0.754413386973249	2.63295536043408	0.00846454716155957	0.0441593655079085
ENSG00000257335	22.6178374360918	1.25114644955729	0.463179165043579	2.70121487316808	0.00690866886591071	0.0381850857758474
ENSG00000258227	68.5341904547301	1.30216084857651	0.415807472080569	3.1316436957251	0.00173830696382189	0.0136129014174453
ENSG00000258818	87.8078744990513	1.2818573909123	0.279238960168718	4.59053919316198	4.42102427591499e-06	0.000116937140387513
ENSG00000259207	1517.52137468633	1.52406335421629	0.425929279435381	3.57820752834043	0.000345958713473422	0.00395168924064996
ENSG00000260314	9.98655573027879	1.43202814457435	0.427994728156017	3.34590136365495	0.000820155652703545	0.00774585999512062
ENSG00000261052	421.412370904346	1.61716814119579	0.494986038961807	3.26709849148001	0.00108655871498856	0.0095268454571818
ENSG00000261115	2.34156287578089	-2.04991435279606	0.591930073954447	-3.46310221932365	0.000533985493358789	0.00555844754491011
ENSG00000261279	14.3425125355789	1.83436162624555	0.649008634948219	2.82640557839713	0.004707361985044	0.0285899819637807
ENSG00000261371	3268.16221011161	1.02411862028759	0.150945979163966	6.7846697603991	1.16352349100093e-11	2.91236866218262e-09
ENSG00000261456	2.99750930940353	2.73195159248535	0.911562346279744	2.99699916701799	0.00272651458329646	0.0188105237241546
ENSG00000262243	88.808495714537	4.5135207137692	1.63252544236933	2.76474754795772	0.00569668645828876	0.0329752110934156
ENSG00000262655	28.2730846404313	-1.05369194230562	0.400966250674329	-2.6278818741816	0.00859183454967993	0.0446294932151302
ENSG00000264230	8.18683727742851	3.05288301804775	1.04414990303882	2.92379763591689	0.00345789466750647	0.0225184913612772
ENSG00000270379	6.48060091029159	-1.18916972904936	0.370809160550932	-3.20695887685877	0.00134146170533562	0.0112252475328378
ENSG00000271605	185.764284295215	1.01999660749785	0.269522047646337	3.78446444884639	0.00015403992394084	0.00210055651031935
ENSG00000273562	159.594727727532	-3.25878876425341	0.487016145029333	-6.69133620623015	2.21141933058827e-11	4.53513281159992e-09
ENSG00000273722	2.02829567833358	3.66947547069689	1.05670767213352	3.47255496242223	0.000515529440542615	0.00539120887126386
ENSG00000273749	366.066181748907	1.30923506035648	0.201950873403968	6.4829383418292	8.99532664045918e-11	1.49521266294201e-08
ENSG00000273793	2.21149788393614	4.21609300548433	1.17830346651097	3.57810455906442	0.000346095004738072	0.00395168924064996
ENSG00000273814	6.57166130553614	-1.36954195292032	0.397416128852454	-3.44611567948914	0.00056870685612805	0.00584284317834615
ENSG00000274110	582.912763037051	1.52930808464448	0.26674699884921	5.73317822221868	9.85659668658053e-09	7.55560768338802e-07
ENSG00000274145	1.87754941969617	3.96890145053604	1.26738706104216	3.13156222951531	0.00173878932043488	0.0136129014174453
ENSG00000274148	411.130933000322	1.11149094661843	0.370303155278683	3.00157028308857	0.0026859102883246	0.0186431689507401
ENSG00000274221	28.9329329217555	7.91615830122274	2.32285951549773	3.40793674710307	0.000654560658482499	0.00650892151013673
ENSG00000274311	12.9054711319542	1.77170766324065	0.578532208255639	3.06241837180096	0.00219556348477367	0.0161472414324247
ENSG00000274580	13.8305269519265	20.4947237096141	3.14524556581309	6.51609652752691	7.2160548666599e-11	1.23857306955898e-08
ENSG00000274588	20.1349786343631	1.7735803694122	0.539729058151522	3.28605685135132	0.00101600501701882	0.00905913903091146
ENSG00000274646	69.21566574634	1.47829621715347	0.461813332859949	3.20106872618548	0.00136918870564756	0.0113793993952004
ENSG00000274669	167.56185396917	1.16250107047966	0.308292881958409	3.77076844296551	0.000162745631790556	0.00218530295204479
ENSG00000274926	4.89276221419341	4.98119279450268	1.63216010614214	3.05190206264536	0.00227396281573341	0.0164986346869403
ENSG00000274933	4.11880967911757	4.72583967883032	1.61993731116055	2.91729787706702	0.00353078402624824	0.0228837915885267
ENSG00000275290	58.8236545919938	23.5470035858832	3.14447282808225	7.48837877547951	6.97295485513494e-14	5.24333000559218e-11
ENSG00000275302	194.73524631436	-1.54785948184567	0.323132763998998	-4.79016569749786	1.66643644341654e-06	5.33766691237132e-05
ENSG00000275539	21.2838916478529	22.1458354412547	2.63533447469394	8.40342493672522	4.33642033321422e-17	9.78234478311225e-14
ENSG00000275867	26.990189456517	-1.6890894430429	0.49573877726124	-3.40721670468153	0.000656289980499903	0.00651583398350571
ENSG00000275993	271.989369315101	-2.28470839876778	0.835996509831693	-2.73291619270965	0.0062776303461541	0.0356070620675716
ENSG00000276068	371.275445688231	2.16873140378501	0.425826132930448	5.09299743738189	3.52446464292339e-07	1.46832581692342e-05
ENSG00000276184	5.96442264097808	-1.3501383634471	0.447548471945051	-3.0167422035414	0.00255507006448983	0.0180040657690134
ENSG00000276289	8.21530592840388	3.5611133904887	1.12319446652996	3.17052255562702	0.00152165018709144	0.0123033170017209
ENSG00000276371	62.286594837478	-1.16014054614265	0.392672862263839	-2.95447090347472	0.00313205686386073	0.0209303046708527
ENSG00000276395	30.5768552296077	22.6509096354537	2.68001465633425	8.45178573255858	2.86880729573769e-17	7.55022266783231e-14
ENSG00000276497	2.24820089063336	3.85280513762547	1.09522382612079	3.51782443527715	0.000435100120256774	0.00472535488237601
ENSG00000276618	49.8374758239232	-2.16584398868935	0.736191601226429	-2.94195693767933	0.00326145276928678	0.0215863278316575
ENSG00000276885	17.4372434355037	7.18574870741615	2.5702431700952	2.79574664024882	0.00517799753598065	0.030692852511513
ENSG00000277033	13.568320443259	3.21085791330933	1.21681322534757	2.63874343771384	0.00832139310601648	0.0436858981316785
ENSG00000277177	451.87217330702	2.04864796348491	0.386951117208215	5.29433272674221	1.19451770620795e-07	5.96918642364864e-06
ENSG00000277414	38.4791225551076	2.01168163854168	0.542038256014027	3.71132778216602	0.000206174918075329	0.00262345538382556
ENSG00000277816	96.3166628539395	2.08149116388142	0.53111298203586	3.91911181666593	8.88758781058173e-05	0.00137322797570348
ENSG00000277943	336.708709686988	-2.19091975327851	0.448884636878798	-4.8808080590873	1.05652034273359e-06	3.74069792199689e-05
ENSG00000278154	67.5981678246046	-4.83524334777444	1.28682004453952	-3.75751323449791	0.000171610293427302	0.00227914057486167
ENSG00000278191	159.211464940954	-1.50450391656812	0.282852082984372	-5.31904838986546	1.04311392181996e-07	5.29640255288069e-06
ENSG00000278195	17.5998518431722	-1.27039363139977	0.274849463120402	-4.62214339797801	3.79795321552058e-06	0.00010269431374364
ENSG00000278488	987.041374844443	1.15166407149105	0.351756791206467	3.27403507275874	0.00106023450967043	0.00934272496774874
ENSG00000278605	83.2858181039961	24.0500327330192	2.87126531467706	8.37610951871376	5.47060084487748e-17	1.07982822426825e-13
ENSG00000278850	16.4709507682612	7.10323988221851	2.55241576942382	2.78294781254309	0.00538674700320107	0.031644296138347
ENSG00000280618	124.903863084019	1.27186349325405	0.287455631069136	4.42455584718794	9.66409021323252e-06	0.000222133404013326
ENSG00000280908	610.45934057591	1.63830323324361	0.27892187534725	5.87369933320563	4.26176028545122e-09	3.98209802766628e-07
ENSG00000281289	9.51249837759215	-2.94680885455458	1.08841300711757	-2.70743627215425	0.00678050873490552	0.0375819632969088
ENSG00000282019	69.5831208219101	9.18196613207682	1.67574324765315	5.47933947813066	4.26916560432535e-08	2.52488367258058e-06
ENSG00000282367	5.36675831055587	5.48921619624969	2.04195551868678	2.68821536317299	0.00718350495864787	0.0392236261417733
ENSG00000283706	2.10509561614138	2.98076861398025	1.1421896435647	2.60969676163187	0.00906225137502313	0.0462813749880305
ENSG00000284690	171.831256624579	1.06272020410579	0.28214249254764	3.7666081224059	0.000165480436122068	0.00221261775343232
ENSG00000285132	2322.60400502128	1.26671348367204	0.228976459953935	5.53206859747452	3.16476080972806e-08	1.98513777127307e-06
ENSG00000285162	32.0104417093209	1.62955752470076	0.321084547697807	5.07516645190425	3.8715693691463e-07	1.58111452952584e-05
ENSG00000285360	134.546754186192	1.0316473711968	0.224750343437359	4.59019263516425	4.42837122105835e-06	0.000116937140387513
ENSG00000288461	327.991000793743	1.6363451612329	0.400034835060072	4.09050667046826	4.30431830653791e-05	0.000762845009860158
