baseMean	log2FoldChange	lfcSE	stat	pvalue	padj
ENSG00000005249	1092.09596266003	1.4886615762703	0.349445411524186	4.26006903274866	2.04363774506666e-05	0.00182228192638753
ENSG00000005381	159.201318092363	2.36011378307087	0.416555074858384	5.66579049330569	1.46348254076701e-08	1.39799073112862e-05
ENSG00000005961	5139.34317011385	1.99446373984207	0.396206537412575	5.0338991195524	4.80602654636315e-07	0.000157337639667306
ENSG00000006638	174.160502478825	1.09745823660894	0.273753294003233	4.00893162073141	6.09940735305173e-05	0.00393535745966004
ENSG00000008056	9.36039424215373	1.39286916455123	0.446174661213889	3.12180248148047	0.00179747490186304	0.0342080595232257
ENSG00000008438	3.99359242037969	3.48842103745134	0.866252160460824	4.02702722911028	5.64864932500135e-05	0.00367440008550907
ENSG00000010278	327.086673691185	1.13771708159655	0.356484319314215	3.19149264064469	0.00141539716746443	0.0293279162428138
ENSG00000011105	21.4630919429459	1.49029626865159	0.447292965879031	3.33181244136676	0.000862823855719119	0.0217032333406876
ENSG00000013016	618.81811416306	1.52377604285462	0.320797122823727	4.74996792191278	2.03448918366865e-06	0.000403642654039859
ENSG00000019102	30.5599962135629	1.36723770433489	0.3539486273355	3.86281397565334	0.000112088362606092	0.00568391850250443
ENSG00000019169	281.686236887913	1.10248944371525	0.331223963880798	3.32853164003561	0.000873050875766613	0.0218483927151617
ENSG00000022267	245.374332613384	1.20402580818223	0.334428832880267	3.60024522351306	0.000317917207264456	0.0115205066522864
ENSG00000024422	13.2051331928306	1.3222785951452	0.343395862259514	3.85059559671083	0.000117830925521234	0.00592103057003678
ENSG00000035403	3875.5979821736	1.11522535597122	0.241703191396431	4.61402826138973	3.94938687650931e-06	0.000620640282217383
ENSG00000047648	76.7296716307612	1.92526757765945	0.354948362827543	5.42407792029984	5.82544674266924e-08	3.30219609641594e-05
ENSG00000049323	390.577089774159	1.35506431000411	0.355777154397567	3.80874458422891	0.000139674143654833	0.00661081626648384
ENSG00000050628	8.00434443626277	1.5196273446675	0.412466756405058	3.68424199300844	0.000229384238962278	0.00931147478467844
ENSG00000054356	18.8228037087337	1.75984919641675	0.421896211572844	4.17128466230111	3.02887202301274e-05	0.00239175406712728
ENSG00000055332	449.81092497533	-1.05993605055675	0.318765699467436	-3.32512579718456	0.000883786489201715	0.0219522052529102
ENSG00000061918	178.648732360972	1.28602773359016	0.323985312366931	3.96940134166843	7.2053432172386e-05	0.0045202848831625
ENSG00000063127	21.1897456551578	-1.02482514719655	0.341794054089648	-2.9983703195953	0.0027142764185691	0.044922831403054
ENSG00000065534	519.050842553446	1.74134558606161	0.419959628423088	4.14645948849943	3.37655889139375e-05	0.00253994041346927
ENSG00000069431	131.271102543921	1.09505525891413	0.343062999817572	3.19199464674546	0.00141293951337486	0.0293279162428138
ENSG00000070182	231.426182464586	1.25898040191032	0.357617607759083	3.52046536466532	0.000430790250359683	0.0142447976118935
ENSG00000071909	14.9571631755129	1.5586897475609	0.451424734779108	3.4528230898194	0.000554752694707345	0.0166284910545512
ENSG00000072422	160.652240750422	1.64567165083607	0.398801952168531	4.12653860365413	3.682642095852e-05	0.00271360900523797
ENSG00000073754	3.13333573853546	1.98129016039959	0.578734826439449	3.42348528183294	0.000618235996218608	0.0177765248767785
ENSG00000073792	72.3487080840713	1.05624885029779	0.240631180360528	4.389492869192	1.13615303720467e-05	0.00122616790528675
ENSG00000074181	22.4903114198124	1.57630951202158	0.495923677008078	3.17853247405225	0.00148022635792926	0.0299288570102588
ENSG00000074416	433.137793686499	1.48067588837387	0.237592752472761	6.23199097179373	4.60544024818283e-10	9.13719345239473e-07
ENSG00000074527	5.84612915200858	-1.32384318011748	0.447418180541681	-2.95884976894485	0.00308789597166597	0.0486703921174601
ENSG00000082781	539.170574144858	1.81594542574624	0.35642476540098	5.09489127026088	3.48941462094587e-07	0.000125872701962847
ENSG00000084731	71.1542456340899	1.12274360591364	0.281877320882713	3.98309307892422	6.80240977779272e-05	0.00430150788817235
ENSG00000084734	7.898596754978	3.80963672009501	0.928367069073695	4.10358881417044	4.06790187295377e-05	0.00289824460479411
ENSG00000085733	188.116402930752	1.68838917757977	0.355172367670379	4.75371771924187	1.99709823930976e-06	0.000401239788029425
ENSG00000086506	24.4499172735147	1.99391972260184	0.592627565980634	3.3645409647836	0.000766711015929374	0.0202352016896582
ENSG00000087237	35.7844587260782	1.64143958177164	0.305157502694047	5.37899139716503	7.49042875946176e-08	3.9243631387989e-05
ENSG00000088053	245.379040337925	1.55675102408507	0.39611362651171	3.93006177998538	8.49240384133739e-05	0.0048837476003517
ENSG00000088726	164.190421685942	1.52396018806231	0.414901918688773	3.67306131742781	0.000239661945087839	0.0095965334845466
ENSG00000088826	525.713892490936	1.63556556502167	0.368966556650832	4.43282876331111	9.30047304495581e-06	0.0010934600605151
ENSG00000088882	19.2613997795489	1.02511919112961	0.342503041367825	2.99302215546957	0.00276229695703051	0.0453730619850204
ENSG00000089169	113.420828596442	1.13303068050031	0.363498814498445	3.1170134132725	0.0018269325967506	0.0345203263995541
ENSG00000094755	36.2537320543297	1.36710636882851	0.399444471102193	3.4225191928586	0.000620437174592791	0.0178075566639001
ENSG00000095303	1786.18896799353	1.45038333957474	0.313367211538035	4.6283825689871	3.6853274209174e-06	0.000596872620661235
ENSG00000099256	15.057932467393	1.10726705852872	0.364439121576072	3.03827715789726	0.00237935009036921	0.0413559858253826
ENSG00000099954	6.80102409569651	1.32688293132836	0.405289145921494	3.27391676949912	0.00106067847926987	0.0247211289617789
ENSG00000100453	2298.97544593895	-1.05519852829342	0.234139974577155	-4.50669959368988	6.58437487727593e-06	0.000859211719249835
ENSG00000100678	20.591009143332	1.56349495038726	0.526433036895321	2.96997878326196	0.00297820317341019	0.0476993347813991
ENSG00000100985	27.2318986043153	2.4838823568581	0.563155523819309	4.41065079147668	1.03060407876378e-05	0.00116012396724388
ENSG00000101162	3994.17443823586	1.45731595356024	0.372129229156844	3.91615557010172	8.99722020169926e-05	0.00505430024541103
ENSG00000101335	722.774774164313	2.03483304990329	0.515379362267009	3.94822377239288	7.87331932682943e-05	0.00468034922679539
ENSG00000101412	259.401150758892	1.48156921311595	0.327479985944441	4.52415193815021	6.06381530933304e-06	0.000815634547370627
ENSG00000101470	10.423081758376	1.24684271769808	0.372101439736469	3.35081401077384	0.00080574399389175	0.0208966808350488
ENSG00000102230	50.6188743442585	1.63729225863858	0.541535451010859	3.02342580819469	0.00249930303636056	0.0428390256945084
ENSG00000102362	62.8822421835893	1.62167113989584	0.448252125614604	3.61776564399409	0.000297157277080219	0.0110868442279031
ENSG00000102554	118.189994661544	1.07602893293677	0.358207651194591	3.00392503998256	0.0026652098161284	0.0444818193497266
ENSG00000102804	869.027937373495	1.12956635505221	0.316643498458162	3.56731264198517	0.000360661078026213	0.0125535364702457
ENSG00000103226	50.6578339658637	2.41383279632181	0.750094034087062	3.21804025445914	0.00129069702272649	0.0278926327403321
ENSG00000103316	18.6776539897808	1.75605294632802	0.555816109930494	3.15941354515186	0.00158086995748454	0.0312084178671574
ENSG00000103942	49.0822440671205	1.09795414771387	0.278076747938937	3.94838531395285	7.86800935296538e-05	0.00468034922679539
ENSG00000104237	6.09106253904698	1.43915907200733	0.474762424972916	3.03132471380697	0.00243483246336786	0.042189586090147
ENSG00000104267	156.16368126876	1.12176274062914	0.332181781804707	3.3769544330057	0.000732931909444468	0.0195843354658293
ENSG00000104522	56.6855078736594	-1.85557402439253	0.623942536464157	-2.97395018924011	0.00293992794907927	0.04737313340892
ENSG00000105610	51.4784555290761	1.98095346524549	0.584881576846187	3.38693086543645	0.000706791961312386	0.0191436894367751
ENSG00000105711	52.7729215589774	1.07782579216718	0.258075420513579	4.17639847305982	2.96160836032152e-05	0.00236214311030267
ENSG00000105737	2.46150453552607	2.01813426927787	0.557895082435798	3.61740824182675	0.000297567769725725	0.0110868442279031
ENSG00000105971	35.7188082770128	1.38003109786096	0.396028190277524	3.48467894897553	0.000492727861248155	0.0153645905967205
ENSG00000106211	210.672588224186	1.01293228887319	0.304566489427172	3.32581660831535	0.000881599127869507	0.02193219648518
ENSG00000106665	172.868395171356	1.10377982854313	0.229406145763424	4.81146581696815	1.49827362514056e-06	0.000331589808174867
ENSG00000107201	323.226887936508	-1.12262443988439	0.305148094381529	-3.67894953484704	0.000234196599462936	0.00945443100330777
ENSG00000108576	55.7014269234575	1.13751102124559	0.260900289150348	4.35994542186988	1.30094887556901e-05	0.00135846451006785
ENSG00000108679	758.648140694287	-1.19953589868176	0.356552572711976	-3.36426095472531	0.000767489378602206	0.0202352016896582
ENSG00000108839	299.576147432216	1.40473834583358	0.371726252916256	3.77895920670968	0.000157485218152609	0.00720347372483633
ENSG00000108846	583.571807649965	1.13546988673499	0.324947914187431	3.49431351044171	0.000475282531597941	0.0151176038908267
ENSG00000108950	363.892518636636	1.30712716493671	0.432153912173562	3.02467969886559	0.00248896563843657	0.042805443268166
ENSG00000108960	688.289930899199	1.4810013407507	0.337615272840756	4.38665386281042	1.1510774816515e-05	0.00122616790528675
ENSG00000109089	6.41587124877507	1.86759942431373	0.562473808726352	3.32033135648158	0.0008991066246426	0.0221938108029974
ENSG00000109265	3.15984453336441	2.00641240466791	0.598360493111127	3.35318328627568	0.000798877847173705	0.0207865396562968
ENSG00000109272	258.811313368049	1.28633185863424	0.415022260737223	3.09942858570831	0.00193894314903641	0.0362057713664775
ENSG00000110799	113.473317082444	1.74602449630904	0.391469729971707	4.46017753769935	8.18917868692437e-06	0.000992203390220333
ENSG00000111644	381.938637616528	1.47306183601339	0.32428600950825	4.54247729726962	5.55969856115725e-06	0.00076733509184946
ENSG00000112655	32.6013090309464	1.16360959612208	0.250110695646495	4.65237839235278	3.2812825041122e-06	0.000566092564187705
ENSG00000112796	45.9853120264408	-1.15890605518025	0.320063881249926	-3.62085859439822	0.000293626972679413	0.0110711976415514
ENSG00000113140	3368.1196637011	1.64746398808162	0.402306498560351	4.0950469206365	4.22082897936503e-05	0.00297746655824363
ENSG00000113262	11.7351559652581	1.22693164357105	0.303386284193006	4.04412363872886	5.25192001878375e-05	0.00347326977242232
ENSG00000113721	89.4747509508501	-1.19895338178456	0.319169657269789	-3.75647670283112	0.000172322305166732	0.00759749896557324
ENSG00000113924	19.0991522898313	1.34253611534069	0.430320647574141	3.1198505647103	0.0018094280904358	0.0343121178630789
ENSG00000115290	16.8835062046116	1.51605560004473	0.458812500962265	3.30430316712188	0.000952128090377193	0.0230368552598579
ENSG00000115641	69.2252670710468	1.29753473797646	0.365536487862026	3.54967227913572	0.000385710993755351	0.0131373495555471
ENSG00000116329	11.4719424843761	1.03049159105584	0.327553609410805	3.14602422763546	0.00165506294976395	0.0323345922816807
ENSG00000117281	111.648795846401	-1.03548529861348	0.350057272672589	-2.95804538128245	0.00309596541216699	0.0487491696645976
ENSG00000117400	38.5733645670194	1.2679873425917	0.410992210677793	3.08518582505635	0.00203425013600824	0.0372192512870792
ENSG00000117586	95.0836781663006	1.16566712268127	0.377387536883722	3.08878012323027	0.00200980123355143	0.0369207930311671
ENSG00000117983	3.39223470692155	2.33798979660285	0.602514173042549	3.88038970900315	0.000104289228421136	0.0055223430885982
ENSG00000118520	6.90264568036762	1.51246804618754	0.480896458796155	3.14510123441906	0.00166029366696408	0.0323345922816807
ENSG00000118785	7.70786868267052	2.00333428991968	0.669429960115184	2.99259729811762	0.00276614477854178	0.0453730619850204
ENSG00000119280	248.406065266529	1.40845073277856	0.288710795156456	4.87841381897515	1.06942372018496e-06	0.000254927396886673
ENSG00000119862	112.244743629524	1.07866189757657	0.357340315691041	3.01858438640097	0.00253958663484554	0.043249269386554
ENSG00000119922	412.69129413747	-1.59545510963042	0.439368341933083	-3.63124730974224	0.000282054737579248	0.0108134608571445
ENSG00000120903	18.8641028885417	2.26461864202345	0.710427421743021	3.18768472712842	0.00143416816300536	0.0294859029575402
ENSG00000122778	4.50011867940033	1.54468527796154	0.467624268148981	3.30326157809546	0.000955671972775491	0.0230874057106432
ENSG00000123739	272.482580452784	1.0778820099773	0.225377121065342	4.7825706747971	1.73067507593041e-06	0.000371206416286048
ENSG00000124491	7458.88937455615	1.03015479194783	0.253324684954442	4.06653931942358	4.77164375107968e-05	0.00323656109474943
ENSG00000124557	6.58605298967678	1.69861506601047	0.555899650433028	3.05561456044685	0.00224599781633659	0.0399199074366118
ENSG00000124635	51.7376644077983	1.41038449165434	0.430366773545095	3.27716863464264	0.00104853725121076	0.0245462879811463
ENSG00000124920	27.5429869408251	-1.43140521696796	0.362153564750422	-3.9524813678264	7.73449532204934e-05	0.00468034922679539
ENSG00000125257	258.833066819874	1.07184510041514	0.28257786794877	3.79309642398979	0.000148780349396745	0.00692504899010305
ENSG00000125266	3.92933013470852	1.53464718232321	0.450371060825897	3.40751730253039	0.000655567520294986	0.0183800293783663
ENSG00000127533	41.9089889839007	1.17693215877494	0.398479097099457	2.95356059412368	0.00314130931847468	0.0492190143167128
ENSG00000127920	454.534570817229	1.421002979253	0.346928986978179	4.09594767975493	4.20444886318243e-05	0.00297746655824363
ENSG00000127954	222.919954773378	1.19655154125468	0.243688103694629	4.91017625855917	9.09945662820097e-07	0.000232946089681945
ENSG00000128266	159.959818063508	1.54892204558179	0.303550988272908	5.1026750214011	3.34885791729559e-07	0.000123611797356548
ENSG00000128322	4.25334821799335	1.95606686281763	0.541729319495846	3.61078271458155	0.000305274337152636	0.0112160052761265
ENSG00000129354	11.1729425314163	1.62248268537212	0.48713849336006	3.33063945364073	0.000866467503999016	0.0217603990877728
ENSG00000130176	13.2587707072817	2.27292109722193	0.712580615678632	3.18970379941826	0.00142418681577008	0.0294715686309031
ENSG00000130203	11.668423018646	1.36028819532436	0.335820837808624	4.05063665554773	5.10784688670172e-05	0.00339212325463304
ENSG00000131711	31.3930159055665	1.12100775011608	0.22368585984202	5.01152710729145	5.39997747479996e-07	0.000161665891764945
ENSG00000132530	1040.66070717443	-1.25449573653659	0.376774253588571	-3.32956863317542	0.000869806242639386	0.0218097388359752
ENSG00000132970	17.7114195791829	1.76584694222366	0.445133993231151	3.96700087855721	7.27827243196732e-05	0.00454210037312814
ENSG00000133048	4.30914731282962	2.93290666700854	0.834348784724523	3.51520457715642	0.00043941534843989	0.0143660214692748
ENSG00000133067	125.983117809923	-1.39940474080956	0.358297338608181	-3.9057078856505	9.3949949985096e-05	0.00519572685074371
ENSG00000133106	492.232208244396	-1.24827358520517	0.38367370031169	-3.25347706707835	0.00114001926744535	0.0258491225898465
ENSG00000133800	5.98828676226594	1.91345322693819	0.648783176266172	2.94929538393759	0.00318499400619756	0.0495610047709487
ENSG00000134201	15.0369090355256	1.66817499721515	0.434483963408107	3.83943974394343	0.000123315388779891	0.00613561708687908
ENSG00000134376	2.26324990389451	1.7850612036589	0.554740969136735	3.21782832523932	0.00129165102470666	0.0278926327403321
ENSG00000134548	69.9103125277622	1.59128073665035	0.411774216736898	3.86444967161967	0.000111339943064729	0.0056640627446262
ENSG00000134668	77.9859469712984	1.58618074261272	0.442735305675821	3.58268410555483	0.000340081772339289	0.0120217770391296
ENSG00000134765	18.6038083799874	-1.75791671929983	0.515448030761538	-3.41046354702846	0.000648525527359445	0.0183314127328568
ENSG00000134853	4.91362098910941	2.2683400361985	0.674163980176708	3.36467106356517	0.000766349621075551	0.0202352016896582
ENSG00000136630	304.770317110553	1.10056969316984	0.339117660173829	3.24539185781625	0.00117289103547517	0.0261462451054241
ENSG00000136830	223.474129440006	1.22845431473954	0.274726759206153	4.4715495435875	7.76548641814943e-06	0.00096292031585053
ENSG00000137198	404.925471670475	1.32535129367317	0.429913168921905	3.08283483615251	0.00205038919045357	0.0374496861114835
ENSG00000137313	5.3301346524135	22.8672864064228	3.10528840579657	7.36398151094017	1.78504429397504e-13	2.83322230339718e-09
ENSG00000137441	544.421807047219	-1.00360798915026	0.310743525358754	-3.22969879417951	0.00123920696663862	0.0271292316889493
ENSG00000137628	335.507683685675	-1.08304259198622	0.320514648792344	-3.3790736119768	0.00072730531006238	0.0194996450697806
ENSG00000137672	10.6930046120454	1.81681692732459	0.505731834666652	3.59245118220039	0.000327582036471475	0.0117367541374159
ENSG00000137801	1592.24073393163	1.4983877420394	0.378852496956099	3.95506893600607	7.65125867448629e-05	0.00468034922679539
ENSG00000137878	62.1338372397011	1.67288167275184	0.549848154158923	3.04244300921728	0.00234666248969132	0.0411106258679698
ENSG00000137959	652.772338897711	-2.95644641189704	0.738427387489188	-4.00370633861454	6.23577631136212e-05	0.00400705431635383
ENSG00000138080	46.8992726020977	1.19204072319898	0.356764839401475	3.34125057054055	0.000834019170127374	0.0213165092886661
ENSG00000138669	16.2207715625906	1.06690438269478	0.286651889194995	3.72195133857646	0.000197689126310907	0.00836725816748457
ENSG00000138722	233.926799004967	1.36400243116194	0.378171310488509	3.60683741291736	0.000309951735772868	0.0113353777654077
ENSG00000138772	35.7165862403067	1.95789325302617	0.512699280176146	3.81879462041278	0.000134105353218545	0.00643057452049774
ENSG00000138798	105.274396926122	1.44470051751169	0.459328824042973	3.14524245353374	0.00165949237637942	0.0323345922816807
ENSG00000139835	22.8549074308989	1.0937410200851	0.341653329830412	3.20131819182915	0.00136800374437183	0.0288736109450394
ENSG00000140022	149.14969800605	1.4764701252476	0.47859435032209	3.08501369532245	0.00203542780476214	0.0372192512870792
ENSG00000140479	268.48819315796	1.61034588016266	0.407404888205582	3.95269160184956	7.72770070827411e-05	0.00468034922679539
ENSG00000140682	63.2962323747798	1.84916482899946	0.349995121727479	5.283401722494	1.26806903371378e-07	5.91964461856033e-05
ENSG00000140859	146.103509981852	1.02932598236287	0.260497424192894	3.95138641217687	7.76997492500853e-05	0.00468034922679539
ENSG00000141404	20.0096588235455	-1.00052177815573	0.26930106746444	-3.71525366600281	0.000202999943433683	0.00854645915697456
ENSG00000142949	51.5614336098603	1.04496851895213	0.29068146645939	3.59489213977156	0.000324525998518874	0.0117065378374808
ENSG00000143369	16.2029036512686	1.34928949047825	0.356902886178171	3.78055079611956	0.000156481787743036	0.00719906937697816
ENSG00000143595	62.8861842833365	2.0203701075764	0.409540338140725	4.93326278126519	8.08672406099878e-07	0.000216221275105036
ENSG00000143768	2.56169367835001	1.43885615942131	0.469443969203464	3.06502214068851	0.00217653883759107	0.0391678281522058
ENSG00000144677	153.561739448495	1.69041261971461	0.309733447353392	5.4576366684284	4.82513730984418e-08	3.182859160037e-05
ENSG00000144868	4.13614814876889	1.63177730039124	0.543672131755566	3.0013995661725	0.00268741674376933	0.0445712419614492
ENSG00000144893	29.1783246678063	1.52485740519718	0.24932973810593	6.11582644244919	9.60578262636962e-10	1.69403313161932e-06
ENSG00000147036	36.0045680442738	1.18467435056644	0.35768193389169	3.31208886531343	0.000926021257220515	0.0226120144532369
ENSG00000147394	862.14796792197	1.32289478559126	0.304110726183897	4.35004316418389	1.36110736962292e-05	0.00139167572760927
ENSG00000147454	886.584508225034	1.15345911115574	0.365741741818856	3.15375298815913	0.00161185452412723	0.0316625680779052
ENSG00000147689	3.42623417350519	2.2578456023017	0.698825492333859	3.23091476637637	0.0012339473008886	0.0270513971819115
ENSG00000147862	6.89894796853882	1.40303810253745	0.406060698529015	3.45524230150827	0.000549798486297806	0.0165272757093159
ENSG00000148346	53.9384532347632	1.86923765198052	0.460561788027943	4.05860342861774	4.93670676824448e-05	0.0033114559016042
ENSG00000148600	24.3103694179966	1.2470453951451	0.352696086724628	3.53575058551401	0.000406618398125032	0.0136734051166112
ENSG00000149218	378.744374347844	1.0470614476748	0.286928756922951	3.6492035824627	0.000263054578206636	0.0102584822243138
ENSG00000149564	485.925430473354	1.42372068344934	0.432926372828384	3.28859772193578	0.00100687823662914	0.0238524945847427
ENSG00000150045	244.38838797185	-1.42364179091858	0.308903277150293	-4.60869759638686	4.05199172254905e-06	0.000630521692355868
ENSG00000150630	6.13933334309536	2.34966945475445	0.565898884246168	4.15210123250982	3.29436466153312e-05	0.0025018256415241
ENSG00000150656	5.52111774862772	1.21711892602717	0.388793343884529	3.13050350570984	0.00174506916452741	0.0334918231915104
ENSG00000150687	218.014595016287	-1.01665024241189	0.235107944388864	-4.32418498258133	1.53096796329878e-05	0.0015092871747502
ENSG00000151023	44.6769253323096	1.27634936182044	0.38595270547675	3.30700975458593	0.00094297608299796	0.022919517534449
ENSG00000151693	55.4109731052231	1.18167253412587	0.353990993610007	3.33814293430222	0.00084340351815683	0.0214527253849122
ENSG00000151789	22.286868979394	1.37818981395528	0.400598768718339	3.44032463795285	0.000581016816555544	0.0171457003569352
ENSG00000151967	7.03509798518579	2.2160367931283	0.386100242759902	5.73953742501622	9.49355025852013e-09	1.07629735502308e-05
ENSG00000154146	1802.4880867116	1.67196756582414	0.315881046543871	5.29302908204698	1.20306779276465e-07	5.91964461856033e-05
ENSG00000154277	27.3400090418491	1.13855985426322	0.38146894724273	2.98467244186654	0.00283882139368519	0.0461333289587468
ENSG00000156206	15.3315894314611	1.19865278244034	0.392639332068694	3.05280873448163	0.00226710387673357	0.039994382157579
ENSG00000156265	455.388550120045	1.30840888154112	0.375003501314024	3.48905777401122	0.00048472637114368	0.0152046975549259
ENSG00000156381	217.763964732044	1.29145810462936	0.264120837178082	4.8896486866676	1.01016097381613e-06	0.00024666576886784
ENSG00000157554	8.17152597325597	1.381159702557	0.384881487673729	3.58853243606208	0.000332544625367978	0.011843888329483
ENSG00000157557	1369.50129441323	1.24401520515055	0.304704536336557	4.08269341870413	4.45167340675532e-05	0.0030854567821843
ENSG00000157657	23.3219820428455	-1.19236252724642	0.264837593206002	-4.50224045918947	6.72408430738818e-06	0.000867680212413539
ENSG00000158164	2.03373435265011	1.96335148363771	0.619095289484417	3.17132357003199	0.00151746014288278	0.0304438918887903
ENSG00000158406	92.6907754650809	1.70195988924555	0.501748063655057	3.39206070243177	0.000693690700431445	0.0189832048228412
ENSG00000158560	5.02995090626658	1.71220149579009	0.522096832518558	3.27947114241346	0.00104001846133117	0.0244550711381456
ENSG00000158715	18.79601597479	1.09296255222457	0.324445731568489	3.36870683100311	0.000755217105193553	0.0201120904255572
ENSG00000158856	176.360343541736	1.04992097829978	0.328973793661581	3.19150339184722	0.00141534449189635	0.0293279162428138
ENSG00000159674	1126.41278648333	-1.39272177415075	0.30378367019156	-4.58458406692015	4.54891042051369e-06	0.000687621963756126
ENSG00000161911	906.747064348066	1.73926955172106	0.396218295139208	4.38967501768181	1.1352018291894e-05	0.00122616790528675
ENSG00000162367	77.6023957771874	1.67234871847318	0.379066300592543	4.41175782668894	1.02534761354818e-05	0.00116012396724388
ENSG00000162747	110.609314042468	1.27441333026971	0.307853071993994	4.13968040667977	3.47790003025475e-05	0.00259160700846025
ENSG00000162873	7.05603554015218	2.5838806598613	0.795897955190089	3.24649742220305	0.0011683450611808	0.0261409994875943
ENSG00000163421	152.252904431425	1.29774573437334	0.34416514414955	3.77070646587452	0.000162786058806382	0.00731937769228016
ENSG00000163430	104.393374474423	1.32526478637303	0.446955619226067	2.96509257153499	0.00302591861167702	0.0482202612495358
ENSG00000163710	4.32491652507756	2.95251752148298	0.860257858719475	3.43213083328051	0.000598858580092166	0.0173767520717054
ENSG00000163734	142.009729503131	1.21016082125825	0.407217341114322	2.97178115732185	0.00296077643346987	0.0475161208817328
ENSG00000163736	4337.47119025855	1.56310938157916	0.355144797438661	4.40132980365319	1.07589443519568e-05	0.00120257721657929
ENSG00000163737	986.475547855974	1.76022936620211	0.318680066342141	5.52350006200983	3.32312174624068e-08	2.6372294178166e-05
ENSG00000163898	36.288577696221	1.15780050303074	0.35470997473896	3.26407652867049	0.00109821497374225	0.0252255688324704
ENSG00000164116	147.120532122845	1.25082303847243	0.287605251925012	4.34909665279186	1.36699458617604e-05	0.00139167572760927
ENSG00000164181	149.108462612433	1.33345164234408	0.384848761610295	3.46487185450362	0.000530484188632645	0.016068406568659
ENSG00000164265	14.4435736228507	1.27956249133323	0.414354529563202	3.08808616785751	0.0020145005018973	0.0369643375330798
ENSG00000164591	2.69176047049668	1.81993794078373	0.55525608077695	3.27765512848982	0.00104673196584415	0.0245402212140005
ENSG00000164929	12.2205609120419	1.21038656045647	0.370974317910252	3.26272332617185	0.00110347191382331	0.025309691063878
ENSG00000165152	5.23461082984029	1.57445353706858	0.522568520657521	3.01291309144976	0.00258753007684092	0.0437372496055581
ENSG00000165186	5.20166937542747	1.74203775820431	0.513142899204995	3.39483945096623	0.000686688557349126	0.0188749975085797
ENSG00000165507	21.2982190368402	2.19173803033286	0.572724880040453	3.82686016744733	0.000129788193459243	0.00634265907007683
ENSG00000165682	166.807132192943	1.98028202871357	0.406029902992455	4.87718272501316	1.07611741377313e-06	0.000254927396886673
ENSG00000165702	231.889175918576	1.25575284054482	0.384439486816756	3.26645124553341	0.00108904558812176	0.0251785164097592
ENSG00000165716	87.4653361279481	1.6240895947622	0.426395140233289	3.80888392366205	0.000139595467206789	0.00661081626648384
ENSG00000165914	171.121859730816	1.38078951788083	0.289935284722996	4.76240592517064	1.912983856111e-06	0.000389267689284537
ENSG00000166086	263.053859722797	1.54814730600252	0.350807686951175	4.41309402156286	1.01903714362499e-05	0.00116012396724388
ENSG00000166091	186.972678552122	1.77414780434004	0.405255140822211	4.37785391380975	1.19853638788762e-05	0.00126821130323682
ENSG00000166257	2.59189899073973	2.08878200870371	0.559559161429035	3.73290646045228	0.000189282902181286	0.00816385386799286
ENSG00000166265	4.63976102242127	2.60277829230044	0.738125551584111	3.52619996247868	0.000421568538794158	0.0140866017847176
ENSG00000166510	4.09855837876696	1.65088762783384	0.469873561278547	3.51347205691186	0.00044229093185261	0.014414869959681
ENSG00000166681	274.542534546887	1.28951318175306	0.265153240524288	4.86327521098104	1.154591343531e-06	0.000269495203007706
ENSG00000166963	244.551334119139	1.74309811851189	0.345564241671042	5.04420859659208	4.55402278892933e-07	0.000153790318523162
ENSG00000167100	54.0554971943781	2.09901036025911	0.48902256529617	4.29225665483938	1.76866340325533e-05	0.00165913423687094
ENSG00000167363	12.7818311465685	1.09763764336656	0.278407498463076	3.94255775949272	8.06172267372323e-05	0.00469618469791771
ENSG00000167641	37.7576563085394	1.09725092865967	0.364272431046417	3.01217120798213	0.00259386258195039	0.0437409346777932
ENSG00000167646	6.16892688213461	2.22864662441577	0.52102101412897	4.27746014840028	1.89037786332881e-05	0.00174442310736947
ENSG00000167664	92.3808977347156	-1.04630962268527	0.270005979188021	-3.87513500934977	0.000106565599327063	0.00556384602802348
ENSG00000167676	8.55432347040755	1.24969175950064	0.366791546210306	3.40708986456332	0.000656595051507919	0.0183800293783663
ENSG00000168477	9.4038000121361	2.50219287401516	0.651681557598454	3.83959442282843	0.000123237726515509	0.00613561708687908
ENSG00000168497	1856.38899470122	1.41499244443414	0.365885490804154	3.86730952715351	0.000110042718215935	0.0056640627446262
ENSG00000169213	17.3660462764707	1.0780952563523	0.3389310783058	3.18086869383985	0.00146834165334753	0.0297930623912506
ENSG00000169247	83.6327870079657	1.28966908940241	0.318359476515207	4.05098382344149	5.10027338437531e-05	0.00339212325463304
ENSG00000169704	447.713758213102	1.69109138307812	0.3767643803045	4.48845875958704	7.17403083720211e-06	0.000903700138476762
ENSG00000169876	3.17976036939224	2.38236656174099	0.700616682534518	3.40038514801368	0.000672909979048628	0.0186720755025521
ENSG00000170271	424.626075185744	1.53875731013161	0.422248108513175	3.64420178351989	0.000268222931643368	0.0104088859927715
ENSG00000170442	6.93431702250077	-1.86143864693307	0.557274144536173	-3.34025661370378	0.00083701010368684	0.0213585600735008
ENSG00000170801	2.02687542373922	2.15421114038134	0.708215628192906	3.04174470969817	0.0023521128919309	0.0411153478201841
ENSG00000170955	96.3141073406823	1.68605686742079	0.54513189562698	3.09293380362854	0.00198188337780127	0.0365772708982113
ENSG00000171533	4.63354729593308	1.58483275221344	0.371887112870248	4.26159632147939	2.02971836218847e-05	0.00182009547144946
ENSG00000171552	807.256115094302	1.20873045503886	0.386386533486783	3.12829343230775	0.00175824552111031	0.0337039527911388
ENSG00000171611	98.5425570995845	1.31342771067869	0.423228061692869	3.10335686491371	0.00191338765004123	0.0358551225282815
ENSG00000173068	18.564852977385	-1.36558486043909	0.3913103547994	-3.48977440461329	0.00048342845881473	0.0151940128679354
ENSG00000173210	244.525807304887	1.58446172997895	0.40667896707684	3.89609952382802	9.77542328424715e-05	0.00535019028853692
ENSG00000173801	493.44738481173	-2.35828505785424	0.597277317258073	-3.94839212826706	7.86778543655903e-05	0.00468034922679539
ENSG00000173868	81.0043073322721	1.40814054043947	0.430218221855385	3.27308437649767	0.00106380715746649	0.0247517130886027
ENSG00000174059	52.7694338508244	1.08223004695591	0.267987564981664	4.03835919412887	5.38263876707023e-05	0.00351577129674645
ENSG00000174099	68.7392399033297	1.18080487300466	0.254496612605672	4.63976656079998	3.48802960042257e-06	0.000576687560603198
ENSG00000174175	603.484917129039	1.66100066186187	0.404143111525286	4.10993188920887	3.95775836984666e-05	0.00286838086055736
ENSG00000174233	21.5541077569921	1.07928270637765	0.256956074823436	4.20026149262773	2.66606885984359e-05	0.00221548926405432
ENSG00000176170	331.891934686244	1.00026121849162	0.306266416122981	3.26598401206995	0.00109084408093913	0.0251785164097592
ENSG00000176584	5.44421808228117	1.72648108391656	0.533545416414886	3.23586527182167	0.00121274610150504	0.0267714966941418
ENSG00000176783	1242.90823691656	1.01739431386744	0.208060380717358	4.8898993184557	1.00887565862832e-06	0.00024666576886784
ENSG00000176845	249.201005763112	1.03258273545031	0.239197113625891	4.31686954661707	1.58257624797156e-05	0.00153519009850304
ENSG00000177706	81.2915090471197	1.18481538306439	0.31508693741835	3.76028086969305	0.000169722690318287	0.00752468866126217
ENSG00000178752	12.0645723392951	1.69846243116714	0.50663674899508	3.35242643676374	0.000801065267924596	0.0208093419517172
ENSG00000179348	53.3396812879748	1.05224529004018	0.324383874247182	3.24382737114228	0.0011793519888564	0.0262180602166062
ENSG00000179855	43.9456297536308	1.46938127347862	0.378107952308579	3.88614221019991	0.000101849855921611	0.00548599422535949
ENSG00000180251	18.7717227338399	1.29683392976146	0.431232839383008	3.0072708090064	0.00263604815705069	0.0441343421399879
ENSG00000180354	290.263653645553	1.27903878048142	0.346827140085053	3.68782783310371	0.0002261765947979	0.00922847021242228
ENSG00000180537	4.39310041311047	4.28540841554996	0.937429587591819	4.57144565551727	4.84370914123285e-06	0.000710026989765038
ENSG00000180573	1733.50394672603	1.41612550746952	0.369834879463989	3.82907504430611	0.000128625783351259	0.00634021252593536
ENSG00000180596	99.2165413977499	1.07755919719439	0.223466157366152	4.82202410376081	1.42108768275588e-06	0.000326891357981178
ENSG00000180739	583.497192328233	-1.200786119855	0.316570609916361	-3.79310675799073	0.000148774155319156	0.00692504899010305
ENSG00000180815	5.9185322444614	1.20293857981705	0.384579816005134	3.12792957340483	0.00176042358002016	0.0337049976623401
ENSG00000180875	19.0521137073274	1.00474300213429	0.335315159812051	2.99641388924217	0.00273175379117342	0.0451179980993803
ENSG00000180914	11.5927320131448	1.38097360799435	0.323501404103837	4.26883342846662	1.96497933610771e-05	0.00179242253004032
ENSG00000181036	630.102748850969	-1.06742943919267	0.355601156226259	-3.00176031630643	0.00268423428788988	0.0445712419614492
ENSG00000182732	52.7258136023382	1.37371729664353	0.372286108562139	3.68995045759071	0.000224297729521008	0.00922293669159958
ENSG00000182795	20.1759184298018	1.68498677877936	0.559874097860773	3.00958159203567	0.00261607801907957	0.0439390373744242
ENSG00000182871	66.397841665838	-1.32008523861659	0.399818385417562	-3.30171219424519	0.000960966175712715	0.0231800230105049
ENSG00000182885	36.0754757537997	1.66368162651715	0.497773873716985	3.34224376641965	0.000831040431591656	0.0213165092886661
ENSG00000183018	6.11023682767605	1.41407589103053	0.379615854864482	3.72501799624606	0.00019530128869173	0.00830406298042071
ENSG00000183722	22.4515768908892	1.5813056317447	0.372469791630067	4.2454600810023	2.18145345128234e-05	0.0019129297888814
ENSG00000183785	177.565625753598	1.90458968778473	0.574528824824738	3.31504635710093	0.000916279281467814	0.0224778744288364
ENSG00000183856	8.4089899045867	1.80621976393132	0.360667823988098	5.00798697249725	5.50022565228517e-07	0.000161665891764945
ENSG00000183914	11.2306637344332	1.45443666501159	0.392145106371103	3.70892468471912	0.000208141323408416	0.00869373443457467
ENSG00000184113	263.846813322258	1.59100788248729	0.404670117406052	3.93161692463406	8.43764410832943e-05	0.00486990135590562
ENSG00000184500	147.795432485583	1.35522065013308	0.39184356247796	3.45857576825522	0.000543039507682895	0.0163550722313907
ENSG00000184702	125.079151277932	1.28124029315275	0.339916508931734	3.76927939504715	0.000163719540124129	0.00731987757985963
ENSG00000185245	282.502454679774	1.5957339139649	0.383093621853128	4.16538888391277	3.1082228341503e-05	0.00241831925606047
ENSG00000185340	629.442263459793	1.47271307824045	0.264800578376922	5.56159313271652	2.67322952966204e-08	2.23313153130504e-05
ENSG00000185630	40.0551758711617	1.18877155036971	0.370497063384706	3.20858562146106	0.00133389585767933	0.0283421620523245
ENSG00000185909	128.039187512397	1.44254812650052	0.313574844858738	4.60033114949118	4.21819824193879e-06	0.00065001206306847
ENSG00000187699	252.473572236056	1.27924234106884	0.419723873048586	3.04781887143397	0.00230508821247737	0.0405613748430608
ENSG00000187800	238.885095596596	1.64599083683237	0.412481435832815	3.99046040340956	6.59451584375232e-05	0.00418672621888147
ENSG00000188580	2.12072628877293	2.35517121229047	0.623143535342625	3.77950035379171	0.000157143370104345	0.00720347372483633
ENSG00000188677	345.359918448816	1.1963930079627	0.240584957179097	4.97285043084419	6.59755629798223e-07	0.000186993595645668
ENSG00000196747	17.3659429401044	1.27334882760879	0.394929029209569	3.22424722780529	0.00126304306457545	0.0275371147265681
ENSG00000196914	294.551236874472	1.03575287079818	0.267244731105742	3.8756718103017	0.000106330921022587	0.00556384602802348
ENSG00000197057	50.3801714141934	-1.23016722169609	0.35203641862514	-3.49443170255068	0.00047507214320365	0.0151176038908267
ENSG00000197415	35.9862877727196	1.31164411389575	0.400963807230155	3.27122820125971	0.00107081465027174	0.024847909545487
ENSG00000197461	19.3268786535616	2.09232379952499	0.476527680649691	4.39077074530559	1.12949578959926e-05	0.00122616790528675
ENSG00000197549	13.2935174451805	1.35896565674661	0.380347427054494	3.57295872163717	0.000352970418284743	0.0123513795717084
ENSG00000197632	109.719193759318	1.42637445748286	0.386751189867017	3.68809326216505	0.000225940841696015	0.00922847021242228
ENSG00000197959	71.4167856216732	1.17575359742581	0.345717100779377	3.40091246506237	0.000671613302363676	0.0186687326359304
ENSG00000198478	477.409972777667	1.39559501921393	0.392184671219369	3.55851495897274	0.000372957553294651	0.012868657143245
ENSG00000198574	360.484969956055	-1.22894966990902	0.259261961469247	-4.74018503502988	2.13523132855239e-06	0.000408317971647994
ENSG00000198626	15.9972798822909	1.82559066220031	0.435960146710088	4.18751731316928	2.82022513495258e-05	0.00230735120319419
ENSG00000198753	80.218092503441	2.10406507581735	0.511123093012558	4.11655255765493	3.84581661050685e-05	0.00280003675421856
ENSG00000198780	56.0472651713095	-1.0794329542581	0.259096235458841	-4.16614680775467	3.09791245306279e-05	0.00241831925606047
ENSG00000198948	163.793976421382	1.2972999697609	0.373316560802735	3.47506675560106	0.000510726238414266	0.0156491252048479
ENSG00000203618	1745.63707776163	2.02197548087801	0.371133298917222	5.44811119556534	5.09075300921436e-08	3.182859160037e-05
ENSG00000204364	24.7202894342601	2.35473545451958	0.724242096314013	3.25130984031979	0.00114874592624864	0.0259252901353589
ENSG00000204420	40.5673961339007	2.16128794497717	0.652218173633491	3.31374995722165	0.00092053787160862	0.0225474955218704
ENSG00000204424	92.871920636223	1.53764876954952	0.425715666505464	3.61191492474658	0.000303944287809593	0.0111930481116331
ENSG00000204475	142.613431508551	-1.03895460665662	0.249864897400589	-4.15806548845054	3.20954022538525e-05	0.00246095760663356
ENSG00000204525	427.516075465501	4.96268995293568	1.56665178643761	3.16770452496039	0.00153647592767722	0.0306754036781042
ENSG00000204740	3.4061579807837	2.09709303830949	0.469617643208915	4.46553290455608	7.9869695167496e-06	0.000975147539768074
ENSG00000205309	125.424129025601	1.83422974951888	0.323961967791089	5.66186753965423	1.49734390304855e-08	1.39799073112862e-05
ENSG00000205336	1781.02243468986	-1.05631355624577	0.29717260876152	-3.55454549007058	0.000378633005608928	0.012951860053933
ENSG00000205639	121.160307014428	1.57308504851772	0.377099617269012	4.17153711242175	3.0255176724844e-05	0.00239175406712728
ENSG00000205810	25.3901170171736	-1.87040998151788	0.504800101704161	-3.70524882067879	0.00021118331741119	0.00879764203136589
ENSG00000206281	3175.79574118799	-2.02904597407133	0.600618126312475	-3.37826296806718	0.000729452882504499	0.0195242430878776
ENSG00000206403	62.0055407378668	7.41978171001295	1.49949402142917	4.9481902588322	7.49066722853727e-07	0.000204985983191971
ENSG00000206404	2.14008164865024	4.52185851710122	1.19757632037556	3.77584162292319	0.000159468297033415	0.00722633805943191
ENSG00000206505	435.558593962851	-3.20949334483865	0.701860576039023	-4.5728360509313	4.8116663256654e-06	0.000710026989765038
ENSG00000212864	3.2910666874473	2.1086944400621	0.615905982593099	3.42372780855941	0.000617684555147467	0.0177765248767785
ENSG00000213185	18.575112746829	-1.07631004135154	0.337984658245199	-3.18449377832619	0.00145007427994361	0.0296592512516301
ENSG00000214944	9.05514533062634	-1.31300684846026	0.418265235427746	-3.13917279574405	0.00169425509106498	0.0327891668060865
ENSG00000223839	9.03222941591416	2.06582724785743	0.579980339271045	3.5618918573238	0.000368192050925521	0.0127597035639517
ENSG00000223932	4.1303693266674	-5.03662740792974	1.52011688128604	-3.31331588375539	0.000921967868563759	0.0225477257470631
ENSG00000228146	16.1523919863596	1.01298584820985	0.338614405362495	2.9915615879526	0.00277554545759397	0.0454628044405898
ENSG00000228314	5.69244525117522	-2.60743247015547	0.690119980834022	-3.77823065926064	0.000157946554389914	0.00720381526228943
ENSG00000233323	5.93365828240198	3.48497751109458	1.05757119112037	3.29526517018932	0.000983288469068337	0.0235395996697627
ENSG00000234032	36.0903452099633	-7.44181271679946	1.82591730768142	-4.07565703303903	4.58846051361596e-05	0.00315272923255899
ENSG00000234118	3.01472967794111	1.70468260723467	0.541119279326379	3.15028991270976	0.00163108518319239	0.0319612148489255
ENSG00000235676	266.766164930125	-5.11449967875964	1.401015289635	-3.6505666402057	0.000261662406740966	0.0102431825326844
ENSG00000236279	24.7216831312302	2.46236181120109	0.47238878738556	5.21257463545875	1.86237600200553e-07	7.77885050100835e-05
ENSG00000240583	1.95264359658395	2.88578857802264	0.732499681290055	3.93964482406365	8.16023294950876e-05	0.00472697873629938
ENSG00000250120	9.61865133291526	1.44221371677403	0.471216704263605	3.06061670506323	0.00220881659742032	0.0395246189788673
ENSG00000250722	8.36487112573065	1.51554614793443	0.457649520455642	3.31158688077622	0.000927684290181481	0.0226178265034723
ENSG00000259207	3099.55460874663	1.53966362475037	0.409965547414987	3.75559271860433	0.000172931723651323	0.00760324741771135
ENSG00000262826	25.3384398072299	-22.3213154574801	3.14477372065189	-7.09790828856617	1.26659184743277e-12	6.70111526748431e-09
ENSG00000263006	59.8512760737715	1.71783857238032	0.528568220310563	3.24998459304079	0.00115411260926819	0.0259830855805741
ENSG00000273802	39.9130770512876	1.16697326012284	0.233760833479096	4.99216760461797	5.97054084924305e-07	0.000172298953380338
ENSG00000274419	13.7539752275057	-6.77461509028314	1.90790188448153	-3.55081943436737	0.000384033791791848	0.0131083534264951
ENSG00000274588	18.9006737920796	-2.29051308916336	0.561309351414328	-4.08066083950315	4.490784191119e-05	0.00309903159484525
ENSG00000274646	217.373894900675	2.4865051881874	0.546671992451656	4.54844078811534	5.40448446852572e-06	0.000757765490937384
ENSG00000275176	72.529328337869	-1.26703685324856	0.283092544604071	-4.47569841523246	7.61619301896644e-06	0.000951844217299491
ENSG00000275583	9.89635980651195	-5.20117888610359	1.72925373059419	-3.00775923977126	0.00263181548642368	0.0441100057027632
ENSG00000275713	55.461238516985	1.46428251455012	0.483297152595541	3.02977682919548	0.00244734504897143	0.0423140093870093
ENSG00000278362	15.6982437168449	-3.09103392335653	0.684630984817251	-4.51489049123539	6.33494924253672e-06	0.000844943818298679
ENSG00000278540	38.3454307173522	1.94793642968331	0.541832139375041	3.59509207395874	0.000324276870207551	0.0117065378374808
ENSG00000278828	490.873057071903	1.46802981539251	0.444903376518343	3.29965986520667	0.000968020753897975	0.0232442139271841
ENSG00000280081	5.453611183793	1.59416330534695	0.460547040477325	3.46145597569079	0.000537261984248287	0.0162427089790263
ENSG00000282604	11.0686725225267	-2.88627714861222	0.632090748690538	-4.56623855766208	4.96553653376508e-06	0.000710026989765038
ENSG00000283632	32.3615058809163	1.50753128924252	0.461606296269547	3.26583779603003	0.00109140746534238	0.0251785164097592
ENSG00000284990	2.09461468507952	2.99611974587962	0.937143259189404	3.19707762553951	0.00138827561081749	0.0290856863347838
