Module	Transcript_Id	Locus_Tag	Expression_Fold_Change	Expression_Pvalue	FoldChange_Module	FisherTest_Module
3	ENSG00000002726	26	-1.48698225695255	0.125943287941303	1.1408604764219739	0.009547837706711795
3	ENSG00000003989	6542	1.42263814498007	0.189740424432021	1.1408604764219739	0.009547837706711795
3	ENSG00000005001	64063	-1.12474222460068	0.112909099002414	1.1408604764219739	0.009547837706711795
3	ENSG00000011347	9066	1.39425492844001	0.197961095739647	1.1408604764219739	0.009547837706711795
3	ENSG00000015413	1800	2.18095931003596	0.0630623330017316	1.1408604764219739	0.009547837706711795
3	ENSG00000019505	57586	1.04131646386107	0.284312349222902	1.1408604764219739	0.009547837706711795
3	ENSG00000022355	2554	1.32146070423083	0.30745039491594	1.1408604764219739	0.009547837706711795
3	ENSG00000048540	55885	1.22912401480848	0.243593408318701	1.1408604764219739	0.009547837706711795
3	ENSG00000057149	6317	1.44557165137063	NA	1.1408604764219739	0.009547837706711795
3	ENSG00000060709	23504	-1.2892706770504	0.298700577175846	1.1408604764219739	0.009547837706711795
3	ENSG00000064692	9627	-1.13855606155844	0.167900867839754	1.1408604764219739	0.009547837706711795
3	ENSG00000065609	9892	-1.46683321580635	0.386470858456152	1.1408604764219739	0.009547837706711795
3	ENSG00000069018	57113	1.26627343095243	NA	1.1408604764219739	0.009547837706711795
3	ENSG00000070193	2255	1.09404937930503	0.407938966422136	1.1408604764219739	0.009547837706711795
3	ENSG00000077279	1641	1.47767189677865	0.13134042571955	1.1408604764219739	0.009547837706711795
3	ENSG00000077616	10003	-1.00536076923088	0.0665415607467833	1.1408604764219739	0.009547837706711795
3	ENSG00000078725	1620	1.13595850103405	NA	1.1408604764219739	0.009547837706711795
3	ENSG00000081051	174	1.36028624522584	NA	1.1408604764219739	0.009547837706711795
3	ENSG00000081248	779	1.85701161568496	NA	1.1408604764219739	0.009547837706711795
3	ENSG00000081842	56142	1.08947231264978	NA	1.1408604764219739	0.009547837706711795
3	ENSG00000086548	4680	1.5750843620383	0.0634766238204759	1.1408604764219739	0.009547837706711795
3	ENSG00000089356	5349	1.2724242140098	0.254753342477873	1.1408604764219739	0.009547837706711795
3	ENSG00000090402	6476	1.1743356260442	NA	1.1408604764219739	0.009547837706711795
3	ENSG00000092377	90665	1.27566408874179	NA	1.1408604764219739	0.009547837706711795
3	ENSG00000100665	5267	1.17433013302445	NA	1.1408604764219739	0.009547837706711795
3	ENSG00000101438	140679	1.29328182505756	NA	1.1408604764219739	0.009547837706711795
3	ENSG00000101746	8715	1.47102923085497	NA	1.1408604764219739	0.009547837706711795
3	ENSG00000101825	25878	1.60278507330853	0.0654657825572582	1.1408604764219739	0.009547837706711795
3	ENSG00000102466	2259	-1.18686285725812	0.391419035472589	1.1408604764219739	0.009547837706711795
3	ENSG00000102837	10562	2.32487339541577	0.0890979206881949	1.1408604764219739	0.009547837706711795
3	ENSG00000103310	7783	2.15479855124647	NA	1.1408604764219739	0.009547837706711795
3	ENSG00000104044	4948	2.10021499124189	0.112779366613368	1.1408604764219739	0.009547837706711795
3	ENSG00000105357	79784	1.17500340073675	0.0746658915636726	1.1408604764219739	0.009547837706711795
3	ENSG00000105929	50617	1.33146049737426	NA	1.1408604764219739	0.009547837706711795
3	ENSG00000106331	5078	1.23614622298995	NA	1.1408604764219739	0.009547837706711795
3	ENSG00000111262	3736	1.20640031770991	0.4421144165787	1.1408604764219739	0.009547837706711795
3	ENSG00000112175	653	1.17433561884144	NA	1.1408604764219739	0.009547837706711795
3	ENSG00000112936	730	1.38839478012514	0.0568301920239171	1.1408604764219739	0.009547837706711795
3	ENSG00000113361	1004	1.12850733165145	0.101137615307462	1.1408604764219739	0.009547837706711795
3	ENSG00000114279	2257	1.7278864159397	0.406839319246222	1.1408604764219739	0.009547837706711795
3	ENSG00000117152	5999	1.20895652451134	NA	1.1408604764219739	0.009547837706711795
3	ENSG00000117598	163404	1.00460486672392	NA	1.1408604764219739	0.009547837706711795
3	ENSG00000119547	9480	1.15676721493413	0.286084101776589	1.1408604764219739	0.009547837706711795
3	ENSG00000120251	2891	2.22352099481818	0.150608083166396	1.1408604764219739	0.009547837706711795
3	ENSG00000120659	8600	-1.08829322588314	0.0512658351064213	1.1408604764219739	0.009547837706711795
3	ENSG00000124875	6372	1.74525340807741	0.239577373813667	1.1408604764219739	0.009547837706711795
3	ENSG00000125285	11166	1.28741726722006	NA	1.1408604764219739	0.009547837706711795
3	ENSG00000125851	5126	2.09384385618579	0.105215264324109	1.1408604764219739	0.009547837706711795
3	ENSG00000127412	56302	1.15317918813528	0.309743283126459	1.1408604764219739	0.009547837706711795
3	ENSG00000128564	7425	1.60473465600849	0.287182479669764	1.1408604764219739	0.009547837706711795
3	ENSG00000129009	3671	1.17433013302445	NA	1.1408604764219739	0.009547837706711795
3	ENSG00000129596	1036	1.30078336073135	0.081878998264693	1.1408604764219739	0.009547837706711795
3	ENSG00000130208	341	1.16697313966976	0.196275354338503	1.1408604764219739	0.009547837706711795
3	ENSG00000132437	1644	1.00461449777541	NA	1.1408604764219739	0.009547837706711795
3	ENSG00000132554	26166	1.51374740629353	0.188264753550982	1.1408604764219739	0.009547837706711795
3	ENSG00000132872	6860	-1.02754358546267	0.49847044987854	1.1408604764219739	0.009547837706711795
3	ENSG00000133020	4626	1.02042168896614	NA	1.1408604764219739	0.009547837706711795
3	ENSG00000133135	79589	1.01985307669641	NA	1.1408604764219739	0.009547837706711795
3	ENSG00000134258	79679	1.41420658167248	NA	1.1408604764219739	0.009547837706711795
3	ENSG00000134569	4038	1.34851837406868	0.183866467814764	1.1408604764219739	0.009547837706711795
3	ENSG00000135333	2045	1.02446972768335	NA	1.1408604764219739	0.009547837706711795
3	ENSG00000135447	5502	1.65876774692201	0.148758088939355	1.1408604764219739	0.009547837706711795
3	ENSG00000135472	23017	1.05809650262643	0.0926335558168807	1.1408604764219739	0.009547837706711795
3	ENSG00000137872	80031	1.99215675798826	NA	1.1408604764219739	0.009547837706711795
3	ENSG00000138622	10021	1.01991129052244	NA	1.1408604764219739	0.009547837706711795
3	ENSG00000138653	64579	1.07009321232158	NA	1.1408604764219739	0.009547837706711795
3	ENSG00000138771	57619	1.11219845384651	0.150607440877822	1.1408604764219739	0.009547837706711795
3	ENSG00000139352	429	1.49450033936233	NA	1.1408604764219739	0.009547837706711795
3	ENSG00000139767	84530	1.66891047997741	0.0813920837249589	1.1408604764219739	0.009547837706711795
3	ENSG00000141668	147381	1.42785496347893	0.300605412180037	1.1408604764219739	0.009547837706711795
3	ENSG00000142698	84970	1.08947573633983	NA	1.1408604764219739	0.009547837706711795
3	ENSG00000143627	5313	1.96713658164885	0.189528494974962	1.1408604764219739	0.009547837706711795
3	ENSG00000144191	1261	1.80446869665105	NA	1.1408604764219739	0.009547837706711795
3	ENSG00000145087	9515	1.41472255613697	NA	1.1408604764219739	0.009547837706711795
3	ENSG00000145423	6423	2.13621134574692	0.182747846821167	1.1408604764219739	0.009547837706711795
3	ENSG00000145626	133688	1.01168864280217	0.393712014061295	1.1408604764219739	0.009547837706711795
3	ENSG00000145824	9547	1.7637238070494	0.0633982317098433	1.1408604764219739	0.009547837706711795
3	ENSG00000146233	51302	1.08947607691636	NA	1.1408604764219739	0.009547837706711795
3	ENSG00000147571	1392	1.17433977526829	NA	1.1408604764219739	0.009547837706711795
3	ENSG00000147724	51059	1.18753025178157	0.0969752224298479	1.1408604764219739	0.009547837706711795
3	ENSG00000148584	29974	1.93006266852647	0.0854379482466047	1.1408604764219739	0.009547837706711795
3	ENSG00000148702	3026	1.28210017924523	NA	1.1408604764219739	0.009547837706711795
3	ENSG00000149575	6327	1.19247724597596	0.166645186707953	1.1408604764219739	0.009547837706711795
3	ENSG00000149654	64405	1.96655815419408	0.169022554465577	1.1408604764219739	0.009547837706711795
3	ENSG00000149972	53942	1.0046146429647	NA	1.1408604764219739	0.009547837706711795
3	ENSG00000152467	284312	1.63039601317741	0.149403175368017	1.1408604764219739	0.009547837706711795
3	ENSG00000153956	781	1.32707467370778	NA	1.1408604764219739	0.009547837706711795
3	ENSG00000154415	5506	1.08947824763122	NA	1.1408604764219739	0.009547837706711795
3	ENSG00000155052	129684	1.36028647712321	NA	1.1408604764219739	0.009547837706711795
3	ENSG00000155897	114	1.25122415310997	NA	1.1408604764219739	0.009547837706711795
3	ENSG00000156103	4325	1.4213816956369	0.242679301503312	1.1408604764219739	0.009547837706711795
3	ENSG00000156920	139378	1.2876630129499	0.345233313564204	1.1408604764219739	0.009547837706711795
3	ENSG00000157765	10568	1.02145229781584	NA	1.1408604764219739	0.009547837706711795
3	ENSG00000158008	2134	1.51419390824286	0.0720073960603489	1.1408604764219739	0.009547837706711795
3	ENSG00000162670	339479	1.27541611082458	NA	1.1408604764219739	0.009547837706711795
3	ENSG00000162878	91461	-1.16170254653725	0.0596272396831962	1.1408604764219739	0.009547837706711795
3	ENSG00000162951	347730	1.31661502464185	NA	1.1408604764219739	0.009547837706711795
3	ENSG00000163083	3625	1.67659545172494	NA	1.1408604764219739	0.009547837706711795
3	ENSG00000163431	25802	1.14910751023946	0.243328105765351	1.1408604764219739	0.009547837706711795
3	ENSG00000163586	2168	1.27555424848548	NA	1.1408604764219739	0.009547837706711795
3	ENSG00000164076	79012	1.10532160432835	0.21654607057961	1.1408604764219739	0.009547837706711795
3	ENSG00000164175	51151	1.08947841382322	NA	1.1408604764219739	0.009547837706711795
3	ENSG00000164379	94234	1.13106750993348	0.532424426627883	1.1408604764219739	0.009547837706711795
3	ENSG00000164458	6862	-1.75792988084872	0.112198954023036	1.1408604764219739	0.009547837706711795
3	ENSG00000164749	3174	1.30871517949922	0.447418751856801	1.1408604764219739	0.009547837706711795
3	ENSG00000164756	169026	1.43134805281521	0.156195243409512	1.1408604764219739	0.009547837706711795
3	ENSG00000165215	1365	1.3601649806978	0.185195866171974	1.1408604764219739	0.009547837706711795
3	ENSG00000165443	84457	1.08947243417421	NA	1.1408604764219739	0.009547837706711795
3	ENSG00000165899	283310	1.78988922838189	NA	1.1408604764219739	0.009547837706711795
3	ENSG00000166391	80168	1.51383655367706	NA	1.1408604764219739	0.009547837706711795
3	ENSG00000166589	1014	1.17473777057146	0.317373863120229	1.1408604764219739	0.009547837706711795
3	ENSG00000167165	54578	1.17433013302445	NA	1.1408604764219739	0.009547837706711795
3	ENSG00000167434	762	1.15722025928201	NA	1.1408604764219739	0.009547837706711795
3	ENSG00000167653	8000	1.2374929515242	0.124376495611218	1.1408604764219739	0.009547837706711795
3	ENSG00000168348	84684	1.07681812660373	NA	1.1408604764219739	0.009547837706711795
3	ENSG00000168631	135656	1.17433013302445	NA	1.1408604764219739	0.009547837706711795
3	ENSG00000168938	5480	1.15473784444703	NA	1.1408604764219739	0.009547837706711795
3	ENSG00000169347	2813	1.02121304715911	0.295389282640965	1.1408604764219739	0.009547837706711795
3	ENSG00000169856	3175	1.27356813460115	NA	1.1408604764219739	0.009547837706711795
3	ENSG00000170323	2167	1.27555067057522	NA	1.1408604764219739	0.009547837706711795
3	ENSG00000170419	222008	1.08947224368828	NA	1.1408604764219739	0.009547837706711795
3	ENSG00000171560	2243	1.43499679068552	NA	1.1408604764219739	0.009547837706711795
3	ENSG00000171587	1826	1.74688086468849	0.0777884144179879	1.1408604764219739	0.009547837706711795
3	ENSG00000171951	7857	1.67297894582905	0.27930499155777	1.1408604764219739	0.009547837706711795
3	ENSG00000172478	79919	1.72431098700137	0.121627239561453	1.1408604764219739	0.009547837706711795
3	ENSG00000172935	116535	1.03149204203762	0.484167855670803	1.1408604764219739	0.009547837706711795
3	ENSG00000173826	81033	1.10828013965276	0.353547388261559	1.1408604764219739	0.009547837706711795
3	ENSG00000174145	57495	1.86713288420644	0.255634554696589	1.1408604764219739	0.009547837706711795
3	ENSG00000177511	51046	1.61724824286783	0.168428117035922	1.1408604764219739	0.009547837706711795
3	ENSG00000177791	58529	1.16974300062984	NA	1.1408604764219739	0.009547837706711795
3	ENSG00000178394	3350	1.20840329634445	0.454428674078493	1.1408604764219739	0.009547837706711795
3	ENSG00000178568	2066	1.01729141142943	0.329872985065156	1.1408604764219739	0.009547837706711795
3	ENSG00000178597	768239	1.31799090444595	0.26083651781953	1.1408604764219739	0.009547837706711795
3	ENSG00000179403	64856	1.38528115800667	0.131642386662117	1.1408604764219739	0.009547837706711795
3	ENSG00000180745	119467	-1.02079602829959	0.416913596771485	1.1408604764219739	0.009547837706711795
3	ENSG00000181085	225689	1.64512843511287	NA	1.1408604764219739	0.009547837706711795
3	ENSG00000182674	9312	1.45871745399033	NA	1.1408604764219739	0.009547837706711795
3	ENSG00000182836	345557	1.28612278460393	0.323283293243421	1.1408604764219739	0.009547837706711795
3	ENSG00000182938	347741	1.00461248965311	NA	1.1408604764219739	0.009547837706711795
3	ENSG00000182968	6656	1.09865006353244	NA	1.1408604764219739	0.009547837706711795
3	ENSG00000183098	10082	1.01959524482602	NA	1.1408604764219739	0.009547837706711795
3	ENSG00000183186	126567	1.00461610490262	NA	1.1408604764219739	0.009547837706711795
3	ENSG00000183248	80164	-1.09310233732671	0.150405197515045	1.1408604764219739	0.009547837706711795
3	ENSG00000184330	338324	1.57062416860842	0.466064666053938	1.1408604764219739	0.009547837706711795
3	ENSG00000184374	10584	1.27542386178777	NA	1.1408604764219739	0.009547837706711795
3	ENSG00000184408	3751	1.79099107499961	0.228511986481683	1.1408604764219739	0.009547837706711795
3	ENSG00000185002	222546	1.27153701155869	NA	1.1408604764219739	0.009547837706711795
3	ENSG00000185247	4110	1.95456362419945	0.219304219898378	1.1408604764219739	0.009547837706711795
3	ENSG00000185742	399947	1.87194476795736	0.12316002087574	1.1408604764219739	0.009547837706711795
3	ENSG00000185985	84631	1.39017970722529	NA	1.1408604764219739	0.009547837706711795
3	ENSG00000187783	643236	1.51483495555995	0.221085900143238	1.1408604764219739	0.009547837706711795
3	ENSG00000187955	7373	1.94283723877618	NA	1.1408604764219739	0.009547837706711795
3	ENSG00000196090	11122	1.18813489939234	0.292015801861403	1.1408604764219739	0.009547837706711795
3	ENSG00000197408	1555	1.28406349152547	0.273055301621633	1.1408604764219739	0.009547837706711795
3	ENSG00000197641	5275	1.08947202717299	NA	1.1408604764219739	0.009547837706711795
3	ENSG00000198049	553	1.27048687313871	0.290545979663489	1.1408604764219739	0.009547837706711795
3	ENSG00000203857	3283	1.91860846057404	0.0507612685880732	1.1408604764219739	0.009547837706711795
3	ENSG00000204347	388419	-1.67826851632552	0.0770703306648053	1.1408604764219739	0.009547837706711795
3	ENSG00000205832	342346	-1.07713625642683	0.254640269428581	1.1408604764219739	0.009547837706711795
3	ENSG00000205856	150297	1.04981529108657	0.061128868624199	1.1408604764219739	0.009547837706711795
3	ENSG00000206340	720	2.68003937013062	0.321219396316296	1.1408604764219739	0.009547837706711795
3	ENSG00000213088	2532	1.00817655247231	NA	1.1408604764219739	0.009547837706711795
3	ENSG00000213759	10720	1.00461465052904	NA	1.1408604764219739	0.009547837706711795
3	ENSG00000213931	3046	1.90155238938797	0.162957767354438	1.1408604764219739	0.009547837706711795
3	ENSG00000213996	53345	1.17433013302445	NA	1.1408604764219739	0.009547837706711795
3	ENSG00000214376	387804	1.58587064342908	NA	1.1408604764219739	0.009547837706711795
3	ENSG00000214814	654463	1.00461445214232	NA	1.1408604764219739	0.009547837706711795
3	ENSG00000215218	134111	1.08453976213969	0.215786737958603	1.1408604764219739	0.009547837706711795
3	ENSG00000223572	548596	1.00461463857941	NA	1.1408604764219739	0.009547837706711795
3	ENSG00000226467	10554	1.08868211849385	0.511949264786709	1.1408604764219739	0.009547837706711795
3	ENSG00000228267	721	1.63667707357105	0.246869490260812	1.1408604764219739	0.009547837706711795
3	ENSG00000230413	3135	-1.04431595981266	0.631362817921874	1.1408604764219739	0.009547837706711795
3	ENSG00000231824	642597	1.23536522929288	NA	1.1408604764219739	0.009547837706711795
3	ENSG00000234078	780	-1.26851884807678	0.447310411655382	1.1408604764219739	0.009547837706711795
3	ENSG00000243955	2938	-1.21157446687387	0.181495967151917	1.1408604764219739	0.009547837706711795
3	ENSG00000248713	285556	2.05631982863797	0.115380043260316	1.1408604764219739	0.009547837706711795
3	ENSG00000257743	93432	1.04549418034521	0.178428847345365	1.1408604764219739	0.009547837706711795
3	ENSG00000259417	100996492	1.61116562507698	0.0709648726118971	1.1408604764219739	0.009547837706711795
3	ENSG00000261603	100287362	1.27025989172304	NA	1.1408604764219739	0.009547837706711795
3	ENSG00000261678	83482	1.59532039404305	NA	1.1408604764219739	0.009547837706711795
3	ENSG00000269964	101928601	1.3836144157335	0.234475362409456	1.1408604764219739	0.009547837706711795
3	ENSG00000273722	147798	1.20864031573492	0.176242598966602	1.1408604764219739	0.009547837706711795
3	ENSG00000274384	147798	-1.1300765840827	0.160578203877193	1.1408604764219739	0.009547837706711795
3	ENSG00000275326	115677	1.31185720244218	0.31811052446338	1.1408604764219739	0.009547837706711795
3	ENSG00000276497	320	1.20473803033907	0.276303758702269	1.1408604764219739	0.009547837706711795
3	ENSG00000276615	3792	1.56023599980788	0.120159617273175	1.1408604764219739	0.009547837706711795
3	ENSG00000277060	55655	-1.02922194427886	0.374603082636486	1.1408604764219739	0.009547837706711795
3	ENSG00000278468	4585	1.49596360250058	0.111454656510664	1.1408604764219739	0.009547837706711795
3	ENSG00000280165	64881	1.65138892899771	NA	1.1408604764219739	0.009547837706711795
3	ENSG00000282604	9560	-1.06080882516583	0.100875120698058	1.1408604764219739	0.009547837706711795
3	ENSG00000284881	1672	1.64018288409683	0.156418403854458	1.1408604764219739	0.009547837706711795
4	ENSG00000004776	126393	1.93532407270409	0.188712107709551	1.0710561497326203	0.12482573830560571
4	ENSG00000044524	2042	1.68937646629678	0.095489177139498	1.0710561497326203	0.12482573830560571
4	ENSG00000056487	112885	2.05015502294587	0.148188294389052	1.0710561497326203	0.12482573830560571
4	ENSG00000060718	1301	1.54273067051129	NA	1.0710561497326203	0.12482573830560571
4	ENSG00000065618	1308	1.20703921161713	0.48713791999611	1.0710561497326203	0.12482573830560571
4	ENSG00000081277	5317	1.91282267798534	0.105737566895087	1.0710561497326203	0.12482573830560571
4	ENSG00000087495	116154	1.03425858020769	0.114525055680672	1.0710561497326203	0.12482573830560571
4	ENSG00000095713	55118	1.18354921659643	NA	1.0710561497326203	0.12482573830560571
4	ENSG00000096006	10321	1.58955034154673	NA	1.0710561497326203	0.12482573830560571
4	ENSG00000103460	27324	1.19718936728806	NA	1.0710561497326203	0.12482573830560571
4	ENSG00000103546	6530	1.1266832898272	NA	1.0710561497326203	0.12482573830560571
4	ENSG00000105989	7472	1.10504700959562	NA	1.0710561497326203	0.12482573830560571
4	ENSG00000106025	23554	1.46606669439759	NA	1.0710561497326203	0.12482573830560571
4	ENSG00000107562	6387	1.04040139395327	0.538183842107512	1.0710561497326203	0.12482573830560571
4	ENSG00000109193	6783	1.17433975273426	NA	1.0710561497326203	0.12482573830560571
4	ENSG00000111799	1303	1.12153911893298	NA	1.0710561497326203	0.12482573830560571
4	ENSG00000114251	7474	1.94115415637421	0.110936677096145	1.0710561497326203	0.12482573830560571
4	ENSG00000117477	57821	1.07839817440361	0.160036107924123	1.0710561497326203	0.12482573830560571
4	ENSG00000118473	84251	1.54672749542139	0.0652038417879524	1.0710561497326203	0.12482573830560571
4	ENSG00000118946	27253	1.87335085337585	0.0629035213215349	1.0710561497326203	0.12482573830560571
4	ENSG00000120327	56122	1.00460964884661	NA	1.0710561497326203	0.12482573830560571
4	ENSG00000122176	2331	-3.35048282567984	0.0665984213542039	1.0710561497326203	0.12482573830560571
4	ENSG00000124102	5266	1.81674442520159	NA	1.0710561497326203	0.12482573830560571
4	ENSG00000124116	140686	1.07087430374787	0.21522129477405	1.0710561497326203	0.12482573830560571
4	ENSG00000126785	57381	1.39975264026909	0.321219396316296	1.0710561497326203	0.12482573830560571
4	ENSG00000129951	79948	1.41096128684974	0.206792315338892	1.0710561497326203	0.12482573830560571
4	ENSG00000131435	8572	1.22509340330679	0.29022829257733	1.0710561497326203	0.12482573830560571
4	ENSG00000133937	145258	1.00803828055845	0.13025251127507	1.0710561497326203	0.12482573830560571
4	ENSG00000134138	4212	1.09912373878898	0.171751830374229	1.0710561497326203	0.12482573830560571
4	ENSG00000134760	1828	1.00461267924586	NA	1.0710561497326203	0.12482573830560571
4	ENSG00000135312	3351	1.01126957777181	NA	1.0710561497326203	0.12482573830560571
4	ENSG00000136099	5100	2.17751168268188	0.163514736604383	1.0710561497326203	0.12482573830560571
4	ENSG00000137460	85462	2.11944958744808	NA	1.0710561497326203	0.12482573830560571
4	ENSG00000137573	23213	1.31479001404785	0.159545828171079	1.0710561497326203	0.12482573830560571
4	ENSG00000137699	23650	1.86532412591281	0.249855305410992	1.0710561497326203	0.12482573830560571
4	ENSG00000138650	57575	2.44490226700746	0.10735581185933	1.0710561497326203	0.12482573830560571
4	ENSG00000139144	5288	1.36834959143509	0.106324243589184	1.0710561497326203	0.12482573830560571
4	ENSG00000139219	1280	1.35310056420401	NA	1.0710561497326203	0.12482573830560571
4	ENSG00000139220	8499	1.25807869571974	NA	1.0710561497326203	0.12482573830560571
4	ENSG00000139915	161357	1.36625479089521	0.0940528593895854	1.0710561497326203	0.12482573830560571
4	ENSG00000139973	83851	1.11107148717736	0.38559993663944	1.0710561497326203	0.12482573830560571
4	ENSG00000140557	8128	1.93370729121928	0.0922044938406338	1.0710561497326203	0.12482573830560571
4	ENSG00000140600	6457	1.38389561141791	0.0782989190179699	1.0710561497326203	0.12482573830560571
4	ENSG00000140937	1009	1.78336845215295	0.0970328157828004	1.0710561497326203	0.12482573830560571
4	ENSG00000141434	4225	1.47370602733694	0.260808096384021	1.0710561497326203	0.12482573830560571
4	ENSG00000144119	165257	1.41815642711743	NA	1.0710561497326203	0.12482573830560571
4	ENSG00000144857	91653	1.16972181992519	0.089584377908104	1.0710561497326203	0.12482573830560571
4	ENSG00000145794	84466	1.54589836488009	0.0998146595058607	1.0710561497326203	0.12482573830560571
4	ENSG00000145808	171019	1.30053024126234	NA	1.0710561497326203	0.12482573830560571
4	ENSG00000145934	57451	1.22935002656009	0.154984272904456	1.0710561497326203	0.12482573830560571
4	ENSG00000147573	84675	1.92004470695228	0.141435644351276	1.0710561497326203	0.12482573830560571
4	ENSG00000148408	774	1.34773714998447	0.111844817336463	1.0710561497326203	0.12482573830560571
4	ENSG00000148942	159963	1.32408440833626	NA	1.0710561497326203	0.12482573830560571
4	ENSG00000148948	57689	1.88117158328264	0.196539142160359	1.0710561497326203	0.12482573830560571
4	ENSG00000151276	9223	1.01552436673793	0.102167205366015	1.0710561497326203	0.12482573830560571
4	ENSG00000151388	81792	1.52326217291952	0.116490116453038	1.0710561497326203	0.12482573830560571
4	ENSG00000152092	460	1.23543041047664	0.283962371573469	1.0710561497326203	0.12482573830560571
4	ENSG00000152578	2893	1.20458747150104	0.251791145963557	1.0710561497326203	0.12482573830560571
4	ENSG00000156049	9630	1.10524407915449	0.202334689394757	1.0710561497326203	0.12482573830560571
4	ENSG00000156140	9508	1.10549078384082	NA	1.0710561497326203	0.12482573830560571
4	ENSG00000158164	11013	1.00816650686199	0.187966772162908	1.0710561497326203	0.12482573830560571
4	ENSG00000158815	8822	1.02583570581012	0.269485725553739	1.0710561497326203	0.12482573830560571
4	ENSG00000160963	136227	-1.59211798997203	0.112194631176306	1.0710561497326203	0.12482573830560571
4	ENSG00000163207	3713	1.00460961064888	NA	1.0710561497326203	0.12482573830560571
4	ENSG00000164318	133584	1.93340733389151	0.106209357788902	1.0710561497326203	0.12482573830560571
4	ENSG00000164588	348980	1.24216496836814	NA	1.0710561497326203	0.12482573830560571
4	ENSG00000165349	84889	-1.77361756412236	0.239849554087651	1.0710561497326203	0.12482573830560571
4	ENSG00000167751	3817	1.07379515498335	0.15960760676153	1.0710561497326203	0.12482573830560571
4	ENSG00000168509	148738	1.00461255212842	NA	1.0710561497326203	0.12482573830560571
4	ENSG00000168542	1281	1.38248915134955	NA	1.0710561497326203	0.12482573830560571
4	ENSG00000169851	5099	1.7711102663964	0.105737566895087	1.0710561497326203	0.12482573830560571
4	ENSG00000170577	10736	1.00461612297828	NA	1.0710561497326203	0.12482573830560571
4	ENSG00000171401	3860	1.72788653399562	NA	1.0710561497326203	0.12482573830560571
4	ENSG00000171724	57687	1.58905921683328	0.134872677896703	1.0710561497326203	0.12482573830560571
4	ENSG00000172461	10690	1.20424877125642	0.0782131038451408	1.0710561497326203	0.12482573830560571
4	ENSG00000173641	27129	1.28073068357206	NA	1.0710561497326203	0.12482573830560571
4	ENSG00000177182	157807	1.29166119899896	0.08706509787268	1.0710561497326203	0.12482573830560571
4	ENSG00000177551	4808	1.03134168210644	0.492934841594873	1.0710561497326203	0.12482573830560571
4	ENSG00000183580	23194	1.36714195249578	NA	1.0710561497326203	0.12482573830560571
4	ENSG00000184697	9074	1.21392718903005	NA	1.0710561497326203	0.12482573830560571
4	ENSG00000185274	64409	1.27839943894251	0.307729878770734	1.0710561497326203	0.12482573830560571
4	ENSG00000186115	8529	1.41426606911464	NA	1.0710561497326203	0.12482573830560571
4	ENSG00000186377	260293	1.2755491900114	NA	1.0710561497326203	0.12482573830560571
4	ENSG00000186832	3868	1.0810146960289	NA	1.0710561497326203	0.12482573830560571
4	ENSG00000187372	56123	1.04567245497685	0.14633641695458	1.0710561497326203	0.12482573830560571
4	ENSG00000187772	389421	1.05655462384328	0.330468523992601	1.0710561497326203	0.12482573830560571
4	ENSG00000187848	22953	1.35785797777416	0.221085900143238	1.0710561497326203	0.12482573830560571
4	ENSG00000188573	345630	1.00461597087883	NA	1.0710561497326203	0.12482573830560571
4	ENSG00000196415	5657	2.04094050624814	0.0876536180613838	1.0710561497326203	0.12482573830560571
4	ENSG00000196503	132946	1.00266014374185	0.279447829016826	1.0710561497326203	0.12482573830560571
4	ENSG00000196862	285190	-1.53822665964248	0.12421431121602	1.0710561497326203	0.12482573830560571
4	ENSG00000197177	84435	1.72434877491345	0.296867567939125	1.0710561497326203	0.12482573830560571
4	ENSG00000198354	340578	1.00461235833231	NA	1.0710561497326203	0.12482573830560571
4	ENSG00000198542	9358	1.01680246042433	NA	1.0710561497326203	0.12482573830560571
4	ENSG00000198643	131177	-1.47396144471753	0.058243619366016	1.0710561497326203	0.12482573830560571
4	ENSG00000198842	92235	1.81489931313438	0.271727480219094	1.0710561497326203	0.12482573830560571
4	ENSG00000204442	728215	1.53024027689076	0.193036154333252	1.0710561497326203	0.12482573830560571
4	ENSG00000204866	147920	1.67764299772159	0.221607472761871	1.0710561497326203	0.12482573830560571
4	ENSG00000205364	4499	1.27566293387567	NA	1.0710561497326203	0.12482573830560571
4	ENSG00000205592	283463	1.23859823090695	0.0627096845848684	1.0710561497326203	0.12482573830560571
4	ENSG00000206208	6892	-2.02518829416858	0.0703276043567014	1.0710561497326203	0.12482573830560571
4	ENSG00000221986	343263	1.08947817250858	NA	1.0710561497326203	0.12482573830560571
4	ENSG00000224156	203068	-2.02445306524193	0.403916855808757	1.0710561497326203	0.12482573830560571
4	ENSG00000228333	6257	-2.27910957823053	0.446816045270965	1.0710561497326203	0.12482573830560571
4	ENSG00000231002	7726	1.41822802725362	0.517022506302687	1.0710561497326203	0.12482573830560571
4	ENSG00000242852	163051	-1.30296759871629	0.183525646913144	1.0710561497326203	0.12482573830560571
4	ENSG00000243978	57529	2.21903581427937	0.0879267413468866	1.0710561497326203	0.12482573830560571
4	ENSG00000248383	56135	1.60279406540706	0.239751989091431	1.0710561497326203	0.12482573830560571
4	ENSG00000248485	654790	1.47677875670962	0.282985245734079	1.0710561497326203	0.12482573830560571
4	ENSG00000253873	56105	-1.59030672908238	0.142400915542636	1.0710561497326203	0.12482573830560571
4	ENSG00000269720	110806280	-1.03117588630723	0.250238852350039	1.0710561497326203	0.12482573830560571
4	ENSG00000274419	101060389	1.17704488606462	0.506363558380233	1.0710561497326203	0.12482573830560571
4	ENSG00000274796	79042	-1.22343666323208	0.659844225393352	1.0710561497326203	0.12482573830560571
4	ENSG00000275164	4585	2.03423481427575	0.317812904405666	1.0710561497326203	0.12482573830560571
4	ENSG00000276070	9560	-1.3958413838649	0.0537850119910438	1.0710561497326203	0.12482573830560571
4	ENSG00000276537	57348	-1.32315243923786	0.523723149543643	1.0710561497326203	0.12482573830560571
4	ENSG00000276887	57348	1.17433013302445	NA	1.0710561497326203	0.12482573830560571
4	ENSG00000277564	23543	-1.01563143690838	0.341227202730011	1.0710561497326203	0.12482573830560571
4	ENSG00000277585	4585	1.73610330653495	0.46465520329268	1.0710561497326203	0.12482573830560571
4	ENSG00000278522	102724631	1.4007742092708	0.0769927200373172	1.0710561497326203	0.12482573830560571
4	ENSG00000282318	9228	1.23387232847525	0.31402924522551	1.0710561497326203	0.12482573830560571
4	ENSG00000282607	8972	1.7617188444874	0.208788477802025	1.0710561497326203	0.12482573830560571
4	ENSG00000285460	9564	1.84000919626434	0.27631758612291	1.0710561497326203	0.12482573830560571
4	ENSG00000288250	7140	-1.03980547173493	0.391055874747099	1.0710561497326203	0.12482573830560571
5	ENSG00000006047	51087	1.10999362235921	0.41566126029706	1.1716339112367589	0.016381825125597167
5	ENSG00000013297	5010	1.4191984243223	0.120533248032699	1.1716339112367589	0.016381825125597167
5	ENSG00000038295	7092	1.29656896553777	NA	1.1716339112367589	0.016381825125597167
5	ENSG00000069482	51083	1.19037450596539	NA	1.1716339112367589	0.016381825125597167
5	ENSG00000072657	29953	1.09279948143311	0.122600625251144	1.1716339112367589	0.016381825125597167
5	ENSG00000075043	3785	1.27790784188411	0.328376537602482	1.1716339112367589	0.016381825125597167
5	ENSG00000078098	2191	2.00647174095159	0.165887700922809	1.1716339112367589	0.016381825125597167
5	ENSG00000082497	56256	1.41154143122191	0.311948396985776	1.1716339112367589	0.016381825125597167
5	ENSG00000086991	50507	1.00025406158423	0.162764935007842	1.1716339112367589	0.016381825125597167
5	ENSG00000099260	54873	1.88171721170357	0.142831777227119	1.1716339112367589	0.016381825125597167
5	ENSG00000101134	55816	1.55396659788537	NA	1.1716339112367589	0.016381825125597167
5	ENSG00000101180	11255	1.17433013302445	NA	1.1716339112367589	0.016381825125597167
5	ENSG00000103241	2294	1.21284018774214	NA	1.1716339112367589	0.016381825125597167
5	ENSG00000104369	56704	1.23300668459335	0.29016802153412	1.1716339112367589	0.016381825125597167
5	ENSG00000106236	4885	-1.27779742518274	0.0683435199820185	1.1716339112367589	0.016381825125597167
5	ENSG00000106823	1842	1.08260067601332	0.179481367727231	1.1716339112367589	0.016381825125597167
5	ENSG00000109846	1410	1.01990861083264	NA	1.1716339112367589	0.016381825125597167
5	ENSG00000110900	441631	1.83182813798762	0.107147318603874	1.1716339112367589	0.016381825125597167
5	ENSG00000114019	51421	1.27083898359854	0.146185432466209	1.1716339112367589	0.016381825125597167
5	ENSG00000115041	30818	1.41841371373101	0.160938878644893	1.1716339112367589	0.016381825125597167
5	ENSG00000115221	3694	1.30165301706543	0.24238636537416	1.1716339112367589	0.016381825125597167
5	ENSG00000115844	1746	-1.60512508846963	0.0789420818507177	1.1716339112367589	0.016381825125597167
5	ENSG00000118160	6543	2.00469944577498	NA	1.1716339112367589	0.016381825125597167
5	ENSG00000118733	118427	1.45932856264845	NA	1.1716339112367589	0.016381825125597167
5	ENSG00000122641	3624	-1.23510388630629	0.0991770289921549	1.1716339112367589	0.016381825125597167
5	ENSG00000124159	8785	1.82094488122695	0.0942084189965677	1.1716339112367589	0.016381825125597167
5	ENSG00000124467	440533	2.09269332649072	0.111280784416603	1.1716339112367589	0.016381825125597167
5	ENSG00000125813	5075	1.2752465178723	NA	1.1716339112367589	0.016381825125597167
5	ENSG00000127129	1907	1.69608888493357	0.12971001294434	1.1716339112367589	0.016381825125597167
5	ENSG00000132688	10763	2.69709571425445	0.101857718653224	1.1716339112367589	0.016381825125597167
5	ENSG00000140465	1543	1.18009059400847	0.427211683456146	1.1716339112367589	0.016381825125597167
5	ENSG00000142449	84467	1.01107132705387	0.452876707088211	1.1716339112367589	0.016381825125597167
5	ENSG00000144331	151126	3.32897405903277	0.0701533906691643	1.1716339112367589	0.016381825125597167
5	ENSG00000145147	9353	1.0911448821983	0.0740866095670246	1.1716339112367589	0.016381825125597167
5	ENSG00000146352	134829	2.0323714253235	NA	1.1716339112367589	0.016381825125597167
5	ENSG00000149256	26011	-1.17831477116428	0.0503861583937652	1.1716339112367589	0.016381825125597167
5	ENSG00000152977	7545	1.7986091008982	0.106972165308254	1.1716339112367589	0.016381825125597167
5	ENSG00000154654	4685	1.34442469792236	0.0908870388760544	1.1716339112367589	0.016381825125597167
5	ENSG00000161896	117283	1.46548501666838	NA	1.1716339112367589	0.016381825125597167
5	ENSG00000163218	57115	1.46739167861277	NA	1.1716339112367589	0.016381825125597167
5	ENSG00000163347	9076	-1.198873041191	0.371947474354973	1.1716339112367589	0.016381825125597167
5	ENSG00000165194	57526	1.42123910710175	0.191708795135761	1.1716339112367589	0.016381825125597167
5	ENSG00000168135	3761	1.66024548999214	0.0607705910672618	1.1716339112367589	0.016381825125597167
5	ENSG00000170786	195814	-1.33921091059483	0.106917268151577	1.1716339112367589	0.016381825125597167
5	ENSG00000174576	266743	1.43387489186431	0.31316904713425	1.1716339112367589	0.016381825125597167
5	ENSG00000176887	6664	1.64914417367325	0.130641988448576	1.1716339112367589	0.016381825125597167
5	ENSG00000181072	1129	1.52766383902093	NA	1.1716339112367589	0.016381825125597167
5	ENSG00000181408	2837	2.07423635809138	0.114904203948609	1.1716339112367589	0.016381825125597167
5	ENSG00000182040	124590	1.0985503585259	NA	1.1716339112367589	0.016381825125597167
5	ENSG00000182667	50863	-1.04197291424504	0.367753101527799	1.1716339112367589	0.016381825125597167
5	ENSG00000183067	150084	1.0350711544601	0.28507174271616	1.1716339112367589	0.016381825125597167
5	ENSG00000185028	389257	1.329104763262	0.403358389314714	1.1716339112367589	0.016381825125597167
5	ENSG00000185483	4919	1.25594731993022	0.0527152128240271	1.1716339112367589	0.016381825125597167
5	ENSG00000185737	10718	1.0894762561824	NA	1.1716339112367589	0.016381825125597167
5	ENSG00000186051	6887	-1.21549812311145	0.136131380116981	1.1716339112367589	0.016381825125597167
5	ENSG00000187714	6572	1.80883393045096	0.0719064068878111	1.1716339112367589	0.016381825125597167
5	ENSG00000198597	9745	1.92902333385885	0.110038723253018	1.1716339112367589	0.016381825125597167
5	ENSG00000203907	441161	-1.65818782466821	0.0649303543281763	1.1716339112367589	0.016381825125597167
5	ENSG00000204498	4795	-2.60912982424232	0.152155649798863	1.1716339112367589	0.016381825125597167
5	ENSG00000205358	4496	1.77527434271218	0.0638786476846901	1.1716339112367589	0.016381825125597167
5	ENSG00000205420	3853	1.0020224196676	NA	1.1716339112367589	0.016381825125597167
5	ENSG00000206406	1460	1.50851021665054	0.38621850177875	1.1716339112367589	0.016381825125597167
5	ENSG00000206432	645369	1.50218019239599	0.20705353710775	1.1716339112367589	0.016381825125597167
5	ENSG00000213588	221504	-1.84726113733103	0.115102449373894	1.1716339112367589	0.016381825125597167
5	ENSG00000221826	5671	1.23277234904698	0.247508176736193	1.1716339112367589	0.016381825125597167
5	ENSG00000221878	5676	2.12657837689417	0.111641883936351	1.1716339112367589	0.016381825125597167
5	ENSG00000222014	84084	1.76945133549652	0.0624595452003613	1.1716339112367589	0.016381825125597167
5	ENSG00000224200	63943	-1.06327456507768	0.517567886909695	1.1716339112367589	0.016381825125597167
5	ENSG00000225932	100128553	-1.92092655915468	0.186448214093161	1.1716339112367589	0.016381825125597167
5	ENSG00000225968	392617	1.01263777441907	0.3304678639691	1.1716339112367589	0.016381825125597167
5	ENSG00000231608	7148	1.55342978638002	0.190142385093476	1.1716339112367589	0.016381825125597167
5	ENSG00000233049	8449	-1.02419654632761	0.169300111765299	1.1716339112367589	0.016381825125597167
5	ENSG00000233348	7917	-1.59108113835526	0.714488311927419	1.1716339112367589	0.016381825125597167
5	ENSG00000234046	7726	-1.98708913498646	0.365172155912352	1.1716339112367589	0.016381825125597167
5	ENSG00000234495	5987	-1.25006045449361	0.19137241853458	1.1716339112367589	0.016381825125597167
5	ENSG00000235986	2794	1.44578622848338	0.737031467879362	1.1716339112367589	0.016381825125597167
5	ENSG00000240747	100506243	1.14160829674289	0.380356308356712	1.1716339112367589	0.016381825125597167
5	ENSG00000241404	80864	-1.21056857529852	0.086202403036611	1.1716339112367589	0.016381825125597167
5	ENSG00000243496	3112	-4.8131259185937	0.209241933716657	1.1716339112367589	0.016381825125597167
5	ENSG00000254726	92312	1.11248856560689	0.301715874814295	1.1716339112367589	0.016381825125597167
5	ENSG00000263309	25984	-1.0690317886141	0.172649098990872	1.1716339112367589	0.016381825125597167
5	ENSG00000268916	389903	1.36053927770337	NA	1.1716339112367589	0.016381825125597167
5	ENSG00000268964	100271846	1.2048040945348	0.105162980071116	1.1716339112367589	0.016381825125597167
5	ENSG00000269113	388630	1.04025163963988	NA	1.1716339112367589	0.016381825125597167
5	ENSG00000273780	57636	2.33398436479454	0.0797980595276989	1.1716339112367589	0.016381825125597167
5	ENSG00000274229	30837	1.477497496877	0.481938386276802	1.1716339112367589	0.016381825125597167
5	ENSG00000278605	79042	1.1741511168635	0.595914670033088	1.1716339112367589	0.016381825125597167
5	ENSG00000280852	653653	1.22350408035508	NA	1.1716339112367589	0.016381825125597167
6	ENSG00000018236	1272	1.64569539787853	0.0523129102003975	1.6353962324993951	3.089874877752045e-09
6	ENSG00000052850	60529	1.10476696330526	NA	1.6353962324993951	3.089874877752045e-09
6	ENSG00000100987	30813	2.08453033553865	0.0600154742601615	1.6353962324993951	3.089874877752045e-09
6	ENSG00000101955	8406	-1.0229854697165	0.253862779436797	1.6353962324993951	3.089874877752045e-09
6	ENSG00000102385	1821	-1.8932280741074	0.0930185542132321	1.6353962324993951	3.089874877752045e-09
6	ENSG00000105467	23546	1.18646665412987	NA	1.6353962324993951	3.089874877752045e-09
6	ENSG00000106483	6424	1.0435264296562	0.56605006182193	1.6353962324993951	3.089874877752045e-09
6	ENSG00000107984	22943	3.60089558579351	0.0547598884143708	1.6353962324993951	3.089874877752045e-09
6	ENSG00000112319	2070	1.56290812920543	NA	1.6353962324993951	3.089874877752045e-09
6	ENSG00000112837	9096	1.17329930572708	NA	1.6353962324993951	3.089874877752045e-09
6	ENSG00000123838	722	1.18646374868642	0.0981585631466902	1.6353962324993951	3.089874877752045e-09
6	ENSG00000129028	56906	-1.1695311260588	0.0782565645335795	1.6353962324993951	3.089874877752045e-09
6	ENSG00000135111	6926	-1.69420635644592	0.220921416654118	1.6353962324993951	3.089874877752045e-09
6	ENSG00000137261	9856	-1.21962735979272	0.428204104033182	1.6353962324993951	3.089874877752045e-09
6	ENSG00000138315	170392	1.22324130013847	NA	1.6353962324993951	3.089874877752045e-09
6	ENSG00000138347	84665	1.55119584653421	0.0556640017245265	1.6353962324993951	3.089874877752045e-09
6	ENSG00000142178	150094	-1.43392090683915	0.0948452738357662	1.6353962324993951	3.089874877752045e-09
6	ENSG00000145242	2044	1.73733872370765	0.0939968220436513	1.6353962324993951	3.089874877752045e-09
6	ENSG00000146166	51557	1.00145184216043	0.152155649798863	1.6353962324993951	3.089874877752045e-09
6	ENSG00000146374	84870	1.01991085958899	NA	1.6353962324993951	3.089874877752045e-09
6	ENSG00000156687	137970	1.70136882036734	0.085378559534545	1.6353962324993951	3.089874877752045e-09
6	ENSG00000168398	624	1.01559287449065	0.395756931604213	1.6353962324993951	3.089874877752045e-09
6	ENSG00000171931	10517	1.99490582313889	0.0529757969202121	1.6353962324993951	3.089874877752045e-09
6	ENSG00000175336	319	1.14648156522594	0.12333161888063	1.6353962324993951	3.089874877752045e-09
6	ENSG00000176771	344148	-1.75622556793709	0.0645808885571615	1.6353962324993951	3.089874877752045e-09
6	ENSG00000178919	2304	1.03923255832413	NA	1.6353962324993951	3.089874877752045e-09
6	ENSG00000183206	388468	1.17263494526711	0.069375871335376	1.6353962324993951	3.089874877752045e-09
6	ENSG00000203690	6953	1.05061280911072	0.06024533264252	1.6353962324993951	3.089874877752045e-09
6	ENSG00000206408	7918	1.21481519119377	0.362624167410403	1.6353962324993951	3.089874877752045e-09
6	ENSG00000217236	100131390	1.08947615362429	NA	1.6353962324993951	3.089874877752045e-09
6	ENSG00000226936	8705	1.43596219742248	0.590263745652536	1.6353962324993951	3.089874877752045e-09
6	ENSG00000262634	220134	3.09496265213274	0.061005766349401	1.6353962324993951	3.089874877752045e-09
6	ENSG00000264230	728113	1.27594269320868	0.186008315962264	1.6353962324993951	3.089874877752045e-09
6	ENSG00000275082	55655	1.63807904213628	0.595304184694164	1.6353962324993951	3.089874877752045e-09
6	ENSG00000275176	31	1.20367276963574	0.0544931281821487	1.6353962324993951	3.089874877752045e-09
6	ENSG00000278088	1564	1.01234476441205	0.17107169069904	1.6353962324993951	3.089874877752045e-09
6	ENSG00000285098	137075	-1.4889214299298	0.176074690802346	1.6353962324993951	3.089874877752045e-09
6	ENSG00000288611	2831	-1.30597831936766	0.112839070100233	1.6353962324993951	3.089874877752045e-09
7	ENSG00000101222	25876	1.10907619013091	0.15914614773991	1.2385257569345596	0.012838485033949786
7	ENSG00000101306	85366	2.07101366398155	NA	1.2385257569345596	0.012838485033949786
7	ENSG00000102539	2862	2.20386671468866	0.11683660018578	1.2385257569345596	0.012838485033949786
7	ENSG00000105668	11045	1.4489657762377	0.0836155791275324	1.2385257569345596	0.012838485033949786
7	ENSG00000120051	159686	1.16495605100558	0.075455045205517	1.2385257569345596	0.012838485033949786
7	ENSG00000124664	25803	1.84433194490262	0.092880308126352	1.2385257569345596	0.012838485033949786
7	ENSG00000125046	51066	1.21939875326605	0.145227425664364	1.2385257569345596	0.012838485033949786
7	ENSG00000125337	3834	1.08815497572973	NA	1.2385257569345596	0.012838485033949786
7	ENSG00000126603	84662	1.16500199586782	NA	1.2385257569345596	0.012838485033949786
7	ENSG00000130433	59285	1.17433531332976	NA	1.2385257569345596	0.012838485033949786
7	ENSG00000140519	51458	-1.68615631159662	0.302051672796268	1.2385257569345596	0.012838485033949786
7	ENSG00000142677	58985	1.6785675997335	0.0507420077460265	1.2385257569345596	0.012838485033949786
7	ENSG00000142700	63950	1.35823828536466	NA	1.2385257569345596	0.012838485033949786
7	ENSG00000145920	10814	1.34165232159238	0.0788330118453265	1.2385257569345596	0.012838485033949786
7	ENSG00000152669	10309	1.20110397131934	0.3969907871564	1.2385257569345596	0.012838485033949786
7	ENSG00000159184	10481	1.35319775315819	NA	1.2385257569345596	0.012838485033949786
7	ENSG00000165887	26287	1.17433016680884	NA	1.2385257569345596	0.012838485033949786
7	ENSG00000166923	26585	1.07279093036952	0.0808130488864793	1.2385257569345596	0.012838485033949786
7	ENSG00000167889	146664	-1.02686593072439	0.187475420524562	1.2385257569345596	0.012838485033949786
7	ENSG00000170801	94031	-1.13154325153204	0.145217865375151	1.2385257569345596	0.012838485033949786
7	ENSG00000178115	727909	-1.12277559410198	0.15645645219012	1.2385257569345596	0.012838485033949786
7	ENSG00000178397	84792	-1.57637689865223	0.25783347891161	1.2385257569345596	0.012838485033949786
7	ENSG00000179023	127707	1.80539961805992	0.110058482564515	1.2385257569345596	0.012838485033949786
7	ENSG00000182450	50801	1.24510816760607	0.433862137087286	1.2385257569345596	0.012838485033949786
7	ENSG00000186297	2558	1.00461595694112	NA	1.2385257569345596	0.012838485033949786
7	ENSG00000187140	27022	1.31564509433703	NA	1.2385257569345596	0.012838485033949786
7	ENSG00000187720	79875	1.93510481299878	0.0907130306406748	1.2385257569345596	0.012838485033949786
7	ENSG00000188763	8326	-1.1675202583321	0.146684615563552	1.2385257569345596	0.012838485033949786
7	ENSG00000189431	644943	1.08947839760718	NA	1.2385257569345596	0.012838485033949786
7	ENSG00000198723	374877	1.33167317644782	0.119507868266358	1.2385257569345596	0.012838485033949786
7	ENSG00000204956	56114	1.38569314676182	0.269145217442522	1.2385257569345596	0.012838485033949786
7	ENSG00000206454	5460	1.00460501445116	NA	1.2385257569345596	0.012838485033949786
7	ENSG00000206481	9656	-1.04099110660349	0.700423279968415	1.2385257569345596	0.012838485033949786
7	ENSG00000206495	56658	-3.29809954135799	0.412380611899398	1.2385257569345596	0.012838485033949786
7	ENSG00000223666	63943	-1.3461736016695	0.759983013035303	1.2385257569345596	0.012838485033949786
7	ENSG00000224398	1460	-2.15946603015862	0.131747550808521	1.2385257569345596	0.012838485033949786
7	ENSG00000226650	285643	1.93790753855613	0.0863713958087759	1.2385257569345596	0.012838485033949786
7	ENSG00000228570	283008	1.79959296095426	0.396877730949839	1.2385257569345596	0.012838485033949786
7	ENSG00000228628	1388	-1.60592647258932	0.407587884007748	1.2385257569345596	0.012838485033949786
7	ENSG00000232045	10919	-1.39174007022719	0.345039529404717	1.2385257569345596	0.012838485033949786
7	ENSG00000232312	7918	1.79998566349073	0.370866158239284	1.2385257569345596	0.012838485033949786
7	ENSG00000233608	117581	1.11473184324759	0.0504374797299967	1.2385257569345596	0.012838485033949786
7	ENSG00000235941	3303	-2.26691382981241	0.10217253040311	1.2385257569345596	0.012838485033949786
7	ENSG00000236873	10554	-2.67100251713944	0.121519580483096	1.2385257569345596	0.012838485033949786
7	ENSG00000238056	80863	-1.17384089988422	0.529359167277021	1.2385257569345596	0.012838485033949786
7	ENSG00000241132	58496	-2.23382543955555	0.203248606759672	1.2385257569345596	0.012838485033949786
7	ENSG00000248919	100526740	-1.05074048790203	0.133346621711127	1.2385257569345596	0.012838485033949786
7	ENSG00000274600	440804	-1.63187417550401	0.14938847882881	1.2385257569345596	0.012838485033949786
7	ENSG00000274726	9639	-1.43590523120802	0.48985560569002	1.2385257569345596	0.012838485033949786
7	ENSG00000275153	101060351	-2.93667201250432	0.472264914183222	1.2385257569345596	0.012838485033949786
7	ENSG00000282019	2821	2.37196587357452	0.217888417374453	1.2385257569345596	0.012838485033949786
7	ENSG00000282773	727909	1.20172792261385	0.678627414666112	1.2385257569345596	0.012838485033949786
7	ENSG00000284762	8622	-1.01756467346189	0.211783442120357	1.2385257569345596	0.012838485033949786
10	ENSG00000134538	10599	1.17433013302445	NA	1.6931303990127522	0.0001923756481954434
10	ENSG00000138587	55329	1.26110269893682	0.101758634642276	1.6931303990127522	0.0001923756481954434
10	ENSG00000155816	56776	1.66115642286611	0.0838659432592898	1.6931303990127522	0.0001923756481954434
10	ENSG00000165164	286464	1.09631089822678	NA	1.6931303990127522	0.0001923756481954434
10	ENSG00000263290	10067	1.19788557149572	0.411967172902989	1.6931303990127522	0.0001923756481954434
11	ENSG00000009709	5081	1.10528972327091	NA	1.0253429435015113	0.5852326293424983
11	ENSG00000010282	57467	1.00461466934084	NA	1.0253429435015113	0.5852326293424983
11	ENSG00000010379	6540	1.24306625102862	0.190705944217028	1.0253429435015113	0.5852326293424983
11	ENSG00000078549	117	1.85320832596	0.0542911808593925	1.0253429435015113	0.5852326293424983
11	ENSG00000084628	79570	1.80192570572456	0.272789290395926	1.0253429435015113	0.5852326293424983
11	ENSG00000113083	4015	1.04601470489429	0.0836406099247777	1.0253429435015113	0.5852326293424983
11	ENSG00000113430	50805	1.76654409734688	0.189782993427339	1.0253429435015113	0.5852326293424983
11	ENSG00000118523	1490	-1.18120916264242	0.137572380136547	1.0253429435015113	0.5852326293424983
11	ENSG00000119715	2103	1.15113624590823	0.374036136402399	1.0253429435015113	0.5852326293424983
11	ENSG00000125998	128876	1.97435892732677	0.0705979523787176	1.0253429435015113	0.5852326293424983
11	ENSG00000128591	2318	1.72428894254731	0.206631099244466	1.0253429435015113	0.5852326293424983
11	ENSG00000135248	84691	1.08947851949811	NA	1.0253429435015113	0.5852326293424983
11	ENSG00000153904	23576	-1.42567714423601	0.0765042600738809	1.0253429435015113	0.5852326293424983
11	ENSG00000153976	9955	-1.29921262241205	0.0769927200373172	1.0253429435015113	0.5852326293424983
11	ENSG00000163217	27302	2.00555115787386	0.137835416357296	1.0253429435015113	0.5852326293424983
11	ENSG00000164122	140458	1.09873072326103	NA	1.0253429435015113	0.5852326293424983
11	ENSG00000166159	654429	1.51972567242849	0.235811779702611	1.0253429435015113	0.5852326293424983
11	ENSG00000168621	2668	1.53597270443403	0.111256829808852	1.0253429435015113	0.5852326293424983
11	ENSG00000169181	146395	1.01389470031203	NA	1.0253429435015113	0.5852326293424983
11	ENSG00000169594	646	1.23625531500851	NA	1.0253429435015113	0.5852326293424983
11	ENSG00000172901	206338	1.26411194908341	0.191967032352463	1.0253429435015113	0.5852326293424983
11	ENSG00000174332	148979	1.2513517379978	0.394338864858405	1.0253429435015113	0.5852326293424983
11	ENSG00000174963	84107	1.13888592193932	0.394800516484429	1.0253429435015113	0.5852326293424983
11	ENSG00000175592	8061	1.05527423597254	0.0777097083396988	1.0253429435015113	0.5852326293424983
11	ENSG00000175793	2810	1.09380879667645	0.146852430987798	1.0253429435015113	0.5852326293424983
11	ENSG00000176678	2300	1.2607436645888	NA	1.0253429435015113	0.5852326293424983
11	ENSG00000176692	2303	1.02771902291031	0.427823266575142	1.0253429435015113	0.5852326293424983
11	ENSG00000185774	80333	1.09216137657276	NA	1.0253429435015113	0.5852326293424983
11	ENSG00000186766	399823	1.91338423333389	NA	1.0253429435015113	0.5852326293424983
11	ENSG00000188803	388336	1.23894893599787	0.38309305139248	1.0253429435015113	0.5852326293424983
11	ENSG00000215612	3166	1.24497334471559	0.476913935102732	1.0253429435015113	0.5852326293424983
11	ENSG00000237724	3303	-2.55267974492923	0.232921341282141	1.0253429435015113	0.5852326293424983
11	ENSG00000241749	204010	1.24818094258477	0.214120479881033	1.0253429435015113	0.5852326293424983
12	ENSG00000092009	1215	1.37015273402144	NA	1.8837105345937981	1.2297317709028498e-05
12	ENSG00000134184	2944	1.3551871087346	0.378011468115245	1.8837105345937981	1.2297317709028498e-05
12	ENSG00000151365	7069	1.75554679963516	0.128804315506875	1.8837105345937981	1.2297317709028498e-05
12	ENSG00000166926	245802	1.27328709117987	0.15960760676153	1.8837105345937981	1.2297317709028498e-05
12	ENSG00000185507	3665	1.19185603454872	0.113804834700907	1.8837105345937981	1.2297317709028498e-05
12	ENSG00000196242	81472	1.43617870488709	0.0722535542104902	1.8837105345937981	1.2297317709028498e-05
12	ENSG00000205108	259308	1.17433021212245	NA	1.8837105345937981	1.2297317709028498e-05
12	ENSG00000206047	1667	1.63634636650517	0.403672442725728	1.8837105345937981	1.2297317709028498e-05
12	ENSG00000206069	255349	1.00461605788686	NA	1.8837105345937981	1.2297317709028498e-05
12	ENSG00000206260	729627	1.03311455369738	0.272079538696279	1.8837105345937981	1.2297317709028498e-05
12	ENSG00000221937	259286	2.18282811627823	0.122370655100478	1.8837105345937981	1.2297317709028498e-05
12	ENSG00000223980	3105	1.67303031184319	0.0633227822788001	1.8837105345937981	1.2297317709028498e-05
12	ENSG00000236981	219870	1.17433027288726	NA	1.8837105345937981	1.2297317709028498e-05
12	ENSG00000244482	79168	1.07544842420796	0.111044841179283	1.8837105345937981	1.2297317709028498e-05
12	ENSG00000263761	2658	1.50573168931316	NA	1.8837105345937981	1.2297317709028498e-05
12	ENSG00000275969	727830	1.36053300751522	NA	1.8837105345937981	1.2297317709028498e-05
12	ENSG00000277804	5657	3.93436665305217	0.31423874403214	1.8837105345937981	1.2297317709028498e-05
12	ENSG00000278505	284099	1.37988643020936	NA	1.8837105345937981	1.2297317709028498e-05
12	ENSG00000278656	3812	-1.28976447794703	0.755227370713612	1.8837105345937981	1.2297317709028498e-05
12	ENSG00000283889	3813	1.2454843553454	0.675973277301663	1.8837105345937981	1.2297317709028498e-05
12	ENSG00000283954	3811	2.19265808916368	0.581055423707491	1.8837105345937981	1.2297317709028498e-05
12	ENSG00000284150	3806	3.52676132670266	0.0996152441419563	1.8837105345937981	1.2297317709028498e-05
12	ENSG00000284401	3802	-1.93380802606437	0.429904621280266	1.8837105345937981	1.2297317709028498e-05
15	ENSG00000127472	5322	1.71791133493241	NA	5.61927180615613	2.0704876684376165e-43
15	ENSG00000134249	11085	1.57956748109942	NA	5.61927180615613	2.0704876684376165e-43
15	ENSG00000160505	147945	-1.20612896812232	0.14728246728161	5.61927180615613	2.0704876684376165e-43
15	ENSG00000168131	81697	2.69158696318708	0.05671368264036	5.61927180615613	2.0704876684376165e-43
15	ENSG00000173678	100310812	2.03705839076962	0.216125129061347	5.61927180615613	2.0704876684376165e-43
15	ENSG00000176540	79346	1.25953091373498	NA	5.61927180615613	2.0704876684376165e-43
15	ENSG00000188076	147199	1.64607585997568	0.0744107709459125	5.61927180615613	2.0704876684376165e-43
15	ENSG00000198104	254879	2.1087096185229	0.100987428180423	5.61927180615613	2.0704876684376165e-43
15	ENSG00000203786	448834	1.29476699646463	NA	5.61927180615613	2.0704876684376165e-43
15	ENSG00000204420	80739	1.09080762049065	0.263417825531543	5.61927180615613	2.0704876684376165e-43
15	ENSG00000205022	390748	1.29234385185125	0.184787008809389	5.61927180615613	2.0704876684376165e-43
15	ENSG00000206356	100652833	1.2389044914385	0.362919521703393	5.61927180615613	2.0704876684376165e-43
15	ENSG00000228090	80739	2.47549765826184	0.250451736713688	5.61927180615613	2.0704876684376165e-43
15	ENSG00000228964	3106	-1.82311555171645	0.554269540791616	5.61927180615613	2.0704876684376165e-43
15	ENSG00000231939	3119	-2.37080286645072	0.163461239688188	5.61927180615613	2.0704876684376165e-43
15	ENSG00000233136	100287178	1.69664123592081	0.318555327745563	5.61927180615613	2.0704876684376165e-43
15	ENSG00000261272	100507679	1.92217675106687	0.0530762109799952	5.61927180615613	2.0704876684376165e-43
15	ENSG00000273540	123624	1.40022174480739	0.194362819555986	5.61927180615613	2.0704876684376165e-43
15	ENSG00000275921	3806	2.03715409074619	0.339562769725879	5.61927180615613	2.0704876684376165e-43
15	ENSG00000277422	100288527	3.05998222349616	0.11044947360771	5.61927180615613	2.0704876684376165e-43
15	ENSG00000278805	3802	2.95923581344374	0.382938278949186	5.61927180615613	2.0704876684376165e-43
15	ENSG00000284723	341568	1.78400901248885	NA	5.61927180615613	2.0704876684376165e-43
15	ENSG00000284990	377630	1.05990388435473	0.361883204791172	5.61927180615613	2.0704876684376165e-43
19	ENSG00000065325	9340	1.03445112451415	0.405247377166338	2.749090909090909	1.1299612657158828e-08
19	ENSG00000106031	3209	1.65459714735999	NA	2.749090909090909	1.1299612657158828e-08
19	ENSG00000163762	116441	1.27526203104889	NA	2.749090909090909	1.1299612657158828e-08
19	ENSG00000168955	79853	1.20883293225221	0.345457181278548	2.749090909090909	1.1299612657158828e-08
19	ENSG00000169908	4071	1.10241358996222	0.228793872743795	2.749090909090909	1.1299612657158828e-08
19	ENSG00000176299	441670	1.59578099132608	NA	2.749090909090909	1.1299612657158828e-08
19	ENSG00000198074	57016	1.21291001199524	0.290477936082772	2.749090909090909	1.1299612657158828e-08
23	ENSG00000081800	6561	1.38246649416845	0.06597092403023	1.0239938080495357	0.7417290442328166
23	ENSG00000103319	29904	-1.32796949287652	0.111184047325522	1.0239938080495357	0.7417290442328166
23	ENSG00000144355	1745	1.23583572552733	0.343417647665943	1.0239938080495357	0.7417290442328166
23	ENSG00000147509	8601	1.02415041688012	0.255702550233688	1.0239938080495357	0.7417290442328166
23	ENSG00000153930	162282	1.74389666699352	0.101236141931013	1.0239938080495357	0.7417290442328166
23	ENSG00000214940	101059953	1.43660884281356	0.519961729911956	1.0239938080495357	0.7417290442328166
23	ENSG00000234507	6046	-1.75256508086656	0.54140590278317	1.0239938080495357	0.7417290442328166
23	ENSG00000282088	1139	2.98702176414573	0.376325114295263	1.0239938080495357	0.7417290442328166
23	ENSG00000282752	9150	-2.23229010015057	0.232804364146851	1.0239938080495357	0.7417290442328166
27	ENSG00000066248	25791	1.12173144913369	0.187857077467286	1.0524594510982452	0.7114700118887515
27	ENSG00000204173	652972	1.46385598964542	0.0623641234446118	1.0524594510982452	0.7114700118887515
27	ENSG00000204267	6891	-2.20510011576182	0.127539192873473	1.0524594510982452	0.7114700118887515
27	ENSG00000204359	629	1.54277538635555	0.0761884525974843	1.0524594510982452	0.7114700118887515
27	ENSG00000236227	6046	-2.52055984210864	0.241587995166979	1.0524594510982452	0.7114700118887515
27	ENSG00000241863	79897	-3.28514875173623	0.20795730285523	1.0524594510982452	0.7114700118887515
27	ENSG00000277111	9842	-1.01488263421382	0.398247276736278	1.0524594510982452	0.7114700118887515
27	ENSG00000285222	2651	1.3688381445896	0.549385739336818	1.0524594510982452	0.7114700118887515
29	ENSG00000099974	100037417	-1.86300413393182	0.0613807965457596	5.079391197038255	1.3537269492200998e-20
29	ENSG00000101200	551	1.98435332471805	0.0943690728001118	5.079391197038255	1.3537269492200998e-20
29	ENSG00000102055	80316	-2.04960435523431	0.0737111060432346	5.079391197038255	1.3537269492200998e-20
29	ENSG00000164035	51705	1.07209501013606	0.312521905663534	5.079391197038255	1.3537269492200998e-20
29	ENSG00000274146	3811	-4.23955905284279	0.193454151338955	5.079391197038255	1.3537269492200998e-20
29	ENSG00000277865	440243	-1.80839660690199	0.578446078424832	5.079391197038255	1.3537269492200998e-20
32	ENSG00000135454	2583	1.72315425209045	0.0991546445593063	1.4149732620320854	0.17248734200347443
32	ENSG00000206478	8870	-4.21210631321411	0.211095075056675	1.4149732620320854	0.17248734200347443
39	ENSG00000262446	2629	1.55288298438461	0.232499900481383	1.2381016042780748	0.3705363790327534
39	ENSG00000281630	200958	1.10104728086755	0.220817623827373	1.2381016042780748	0.3705363790327534
41	ENSG00000124232	11317	1.20996532864336	NA	1.0106951871657754	0.807742660707115
41	ENSG00000125414	4620	1.60154665057396	0.251852651327794	1.0106951871657754	0.807742660707115
41	ENSG00000164256	56979	1.27540451190366	NA	1.0106951871657754	0.807742660707115
41	ENSG00000184601	400258	1.76522593649073	NA	1.0106951871657754	0.807742660707115
41	ENSG00000196240	401992	1.64201294751498	0.292015801861403	1.0106951871657754	0.807742660707115
41	ENSG00000234186	162083	1.00461458640405	NA	1.0106951871657754	0.807742660707115
41	ENSG00000250641	110599563	2.03471497931761	NA	1.0106951871657754	0.807742660707115
41	ENSG00000277571	1991	1.691543490037	0.533949713270296	1.0106951871657754	0.807742660707115
41	ENSG00000278279	11006	-1.51250183186484	0.0993451145340172	1.0106951871657754	0.807742660707115
49	ENSG00000138813	84103	1.09530948409708	0.355402031294258	1.4438502673796794	0.25561105465985934
49	ENSG00000221957	3809	-1.64083561740045	0.617457993122926	1.4438502673796794	0.25561105465985934
49	ENSG00000226182	7940	-2.15302103038879	0.206230647437195	1.4438502673796794	0.25561105465985934
49	ENSG00000257501	643711	1.62639488178189	0.167464620449868	1.4438502673796794	0.25561105465985934
49	ENSG00000275353	3809	-3.16561336231201	0.433489485675302	1.4438502673796794	0.25561105465985934
49	ENSG00000284206	3805	-1.49154977921833	0.733081366288895	1.4438502673796794	0.25561105465985934
50	ENSG00000189410	400745	1.87815425356716	0.055588009319429	1.8063488451473433	0.12757409582382384
52	ENSG00000172724	6363	-1.07955078596917	0.427883843454516	1.9295089936801166	0.06761693134907534
52	ENSG00000206301	3117	-5.05203546259957	0.136412110912481	1.9295089936801166	0.06761693134907534
52	ENSG00000206403	7920	-2.01881139461303	0.360150017458261	1.9295089936801166	0.06761693134907534
52	ENSG00000228299	3107	-1.19439806834883	0.128092337107287	1.9295089936801166	0.06761693134907534
52	ENSG00000230341	170954	2.39398595397389	NA	1.9295089936801166	0.06761693134907534
52	ENSG00000262156	200315	2.4099215006464	0.31213145712002	1.9295089936801166	0.06761693134907534
52	ENSG00000274406	3809	3.91165410044612	0.317547179263089	1.9295089936801166	0.06761693134907534
52	ENSG00000276004	3812	-3.01595932886972	0.298512327559026	1.9295089936801166	0.06761693134907534
52	ENSG00000276218	3804	2.21090232238247	0.52664325583565	1.9295089936801166	0.06761693134907534
53	ENSG00000188263	400935	1.93104220595513	0.0625491637839174	9.542842929983832	1.4398812848061489e-24
53	ENSG00000238269	389860	1.77815865294664	0.0925373520664811	9.542842929983832	1.4398812848061489e-24
54	ENSG00000175699	256369	1.17433013302445	NA	1.0106951871657754	0.7555841453040962
54	ENSG00000189058	347	-1.94645012251976	0.0885149007967147	1.0106951871657754	0.7555841453040962
54	ENSG00000198062	23784	1.83711833523449	0.38554109835423	1.0106951871657754	0.7555841453040962
54	ENSG00000227333	10919	-3.0702708097371	0.449422211355775	1.0106951871657754	0.7555841453040962
54	ENSG00000262543	110806279	1.4710122434868	NA	1.0106951871657754	0.7555841453040962
54	ENSG00000273518	3811	3.16195136570494	0.430337987408777	1.0106951871657754	0.7555841453040962
54	ENSG00000276424	3812	4.94854013772341	0.192524786288935	1.0106951871657754	0.7555841453040962
54	ENSG00000283231	101060301	1.1903690336421	NA	1.0106951871657754	0.7555841453040962
54	ENSG00000283986	3805	1.79776115266065	0.519729228624223	1.0106951871657754	0.7555841453040962
54	ENSG00000284100	3802	4.11384826164689	0.289172921040264	1.0106951871657754	0.7555841453040962
60	ENSG00000170950	5232	1.47802031469447	NA	3.5374331550802145	0.0004291099733346975
60	ENSG00000206026	284274	1.27540840294754	NA	3.5374331550802145	0.0004291099733346975
60	ENSG00000234836	199	-2.15849257098235	0.0957321183233197	3.5374331550802145	0.0004291099733346975
60	ENSG00000241910	3112	-2.93216789844507	0.181710440209847	3.5374331550802145	0.0004291099733346975
60	ENSG00000278306	3808	3.33788116425046	0.160360834283537	3.5374331550802145	0.0004291099733346975
61	ENSG00000148482	221074	1.08947288069217	NA	1.179144385026738	0.5128937619541345
70	ENSG00000125498	3802	-1.95529899180515	0.224403956398542	3.3959358288770054	0.0048830840697155495
70	ENSG00000262217	160728	1.27676274389691	NA	3.3959358288770054	0.0048830840697155495
70	ENSG00000274952	3804	-2.97752905633429	0.367575537696184	3.3959358288770054	0.0048830840697155495
70	ENSG00000275288	3811	-3.96751823529925	0.312431257319659	3.3959358288770054	0.0048830840697155495
70	ENSG00000275621	374819	-1.57662183488028	0.0515785525934055	3.3959358288770054	0.0048830840697155495
70	ENSG00000277335	3904	-1.03224842772137	0.563169556529956	3.3959358288770054	0.0048830840697155495
70	ENSG00000284589	3811	-2.4037433262054	0.565113643106775	3.3959358288770054	0.0048830840697155495
72	ENSG00000228987	3122	-1.78577664701144	0.430170763105276	3.537433155080214	0.003927203698887372
72	ENSG00000236177	3113	-1.30053960584423	0.668049572957362	3.537433155080214	0.003927203698887372
72	ENSG00000236884	3123	2.57948545808503	0.526527202104892	3.537433155080214	0.003927203698887372
72	ENSG00000237710	3115	-1.79554432111532	0.287182479669764	3.537433155080214	0.003927203698887372
72	ENSG00000276634	3809	4.20173510982963	0.27772053914195	3.537433155080214	0.003927203698887372
72	ENSG00000278461	92259	5.77352142137303	0.121070400373276	3.537433155080214	0.003927203698887372
